100
100.0 -0.0 -0.0 -1.0 3.1132103195355523
110.0 -0.0 -0.0 -1.0 -1.1879538978747661
120.0 -0.0 -0.0 -1.0 -2.248926140458325
130.0 -0.0 -0.0 -1.0 -3.1329094055386237
140.0 -0.0 -0.0 -1.0 1.4891559013977145
150.0 -0.0 -0.0 -1.0 -0.7597141806773287
160.0 -0.0 -0.0 -1.0 3.0079090057433886
170.0 -0.0 -0.0 -1.0 -2.8306488973693535
180.0 -0.0 -0.0 -1.0 1.052767667753323
190.0 -0.0 -0.0 -1.0 1.889096419912041
200.0 -0.0 -0.0 -1.0 -0.07310269839835627
210.0 -0.0 -0.0 -1.0 2.4238002000118506
220.0 -0.0 -0.0 -1.0 1.6449139761252942
230.0 -0.0 -0.0 -1.0 3.0586393740836137
240.0 -0.0 -0.0 -1.0 -1.4560399107148831
250.0 -0.0 -0.0 -1.0 -1.6868411080170638
260.0 -0.0 -0.0 -1.0 1.0492939302133726
270.0 -0.0 -0.0 -1.0 3.0174429821716786
280.0 -0.0 -0.0 -1.0 -2.7132422278648787
290.0 -0.0 -0.0 -1.0 0.07196769452725545
300.0 -0.0 -0.0 -1.0 2.1603952543811134
310.0 -0.0 -0.0 -1.0 0.7938272967351763
320.0 -0.0 -0.0 -1.0 -1.2510098341721132
330.0 -0.0 -0.0 -1.0 -1.9475800895758228
340.0 -0.0 -0.0 -1.0 -1.7599365229407744
350.0 -0.0 -0.0 -1.0 0.9583680937255087
360.0 -0.0 -0.0 -1.0 -1.357845767545215
370.0 -0.0 -0.0 -1.0 -0.6253425329948246
380.0 -0.0 -0.0 -1.0 0.6663170091234376
390.0 -0.0 -0.0 -1.0 2.2305654484636923
400.0 -0.0 -0.0 -1.0 -2.688066516264515
410.0 -0.0 -0.0 -1.0 1.315466224046663
420.0 -0.0 -0.0 -1.0 0.05341019596685859
430.0 -0.0 -0.0 -1.0 0.6496129449671508
440.0 -0.0 -0.0 -1.0 2.5275286451754786
450.0 -0.0 -0.0 -1.0 2.1154125942435993
460.0 -0.0 -0.0 -1.0 -0.28646331692103844
470.0 -0.0 -0.0 -1.0 -2.1536129363568866
480.0 -0.0 -0.0 -1.0 -2.26029596119301
490.0 -0.0 -0.0 -1.0 0.41348722665001264
500.0 -0.0 -0.0 -1.0 1.914817291329347
510.0 -0.0 -0.0 -1.0 2.7032992229871438
520.0 -0.0 -0.0 -1.0 -2.7785139105272774
530.0 -0.0 -0.0 -1.0 -2.4973395596361327
540.0 -0.0 -0.0 -1.0 2.717100686543424
550.0 -0.0 -0.0 -1.0 -2.8307886217952167
560.0 -0.0 -0.0 -1.0 -2.841354733881364
570.0 -0.0 -0.0 -1.0 3.0086091220436284
580.0 -0.0 -0.0 -1.0 -2.691442175331679
590.0 -0.0 -0.0 -1.0 2.659132225916018
600.0 -0.0 -0.0 -1.0 -2.9361395091461833
610.0 -0.0 -0.0 -1.0 2.9146452318379565
620.0 -0.0 -0.0 -1.0 1.4892363134369848
630.0 -0.0 -0.0 -1.0 1.791851926243184
640.0 -0.0 -0.0 -1.0 1.5564412412743278
650.0 -0.0 -0.0 -1.0 0.7802989351369096
660.0 -0.0 -0.0 -1.0 -0.02357380065861599
670.0 -0.0 -0.0 -1.0 -1.9197762161987806
680.0 -0.0 -0.0 -1.0 0.7889648101185187
690.0 -0.0 -0.0 -1.0 -0.008352594350308868
700.0 -0.0 -0.0 -1.0 3.0535283389449583
710.0 -0.0 -0.0 -1.0 1.3524922954764016
720.0 -0.0 -0.0 -1.0 -0.44916469445922663
730.0 -0.0 -0.0 -1.0 -2.104262667490841
740.0 -0.0 -0.0 -1.0 -0.8753592129081255
750.0 -0.0 -0.0 -1.0 -2.023358754848188
760.0 -0.0 -0.0 -1.0 1.8181098715300372
770.0 -0.0 -0.0 -1.0 -0.9777857571451768
780.0 -0.0 -0.0 -1.0 1.6454143743367637
790.0 -0.0 -0.0 -1.0 1.3720046523261968
800.0 -0.0 -0.0 -1.0 -0.7897161598410515
810.0 -0.0 -0.0 -1.0 -1.1014794829901342
820.0 -0.0 -0.0 -1.0 1.3528421986146897
830.0 -0.0 -0.0 -1.0 1.977623787662321
840.0 -0.0 -0.0 -1.0 1.7809285046104781
850.0 -0.0 -0.0 -1.0 -0.9376563559731517
860.0 -0.0 -0.0 -1.0 -1.4125000166935964
870.0 -0.0 -0.0 -1.0 2.5645644196982125
880.0 -0.0 -0.0 -1.0 -2.0977698142183647
890.0 -0.0 -0.0 -1.0 -2.838706181201385
900.0 -0.0 -0.0 -1.0 2.8520884248535543
910.0 -0.0 -0.0 -1.0 -0.1920988808282549
920.0 -0.0 -0.0 -1.0 2.326354688545155
930.0 -0.0 -0.0 -1.0 -0.2987305846824139
940.0 -0.0 -0.0 -1.0 -2.4022346224727467
950.0 -0.0 -0.0 -1.0 -2.076053915578593
960.0 -0.0 -0.0 -1.0 1.008589298176955
970.0 -0.0 -0.0 -1.0 3.10888436662788
980.0 -0.0 -0.0 -1.0 -2.4049289868878376
990.0 -0.0 -0.0 -1.0 0.44403251939629734
1000.0 -0.0 -0.0 -1.0 -0.8727813716078021
1010.0 -0.0 -0.0 -1.0 2.102569050216714
1020.0 -0.0 -0.0 -1.0 0.4323290575067437
1030.0 -0.0 -0.0 -1.0 -0.3762674596498016
1040.0 -0.0 -0.0 -1.0 -0.30946125120944684
1050.0 -0.0 -0.0 -1.0 -2.16982421631835
1060.0 -0.0 -0.0 -1.0 -0.5042119450943966
1070.0 -0.0 -0.0 -1.0 -2.1616058257895134
1080.0 -0.0 -0.0 -1.0 2.438488047642296
1090.0 -0.0 -0.0 -1.0 -0.4170621272636936
