100
100.0 -0.0 -0.0 -1.0 1.7476015249780712
110.0 -0.0 -0.0 -1.0 0.6406021528611433
120.0 -0.0 -0.0 -1.0 -2.0827457873715765
130.0 -0.0 -0.0 -1.0 1.011901303214684
140.0 -0.0 -0.0 -1.0 -0.7930668113386069
150.0 -0.0 -0.0 -1.0 1.3015088449702286
160.0 -0.0 -0.0 -1.0 0.5337596247953529
170.0 -0.0 -0.0 -1.0 -1.5607085726480796
180.0 -0.0 -0.0 -1.0 3.022952063557899
190.0 -0.0 -0.0 -1.0 0.20064333973218432
200.0 -0.0 -0.0 -1.0 2.3988562322310405
210.0 -0.0 -0.0 -1.0 3.10344018940802
220.0 -0.0 -0.0 -1.0 -2.969720747932703
230.0 -0.0 -0.0 -1.0 0.13720785623688586
240.0 -0.0 -0.0 -1.0 1.5661856422790825
250.0 -0.0 -0.0 -1.0 -1.7261830726991088
260.0 -0.0 -0.0 -1.0 0.4158541075832178
270.0 -0.0 -0.0 -1.0 0.7650745025568765
280.0 -0.0 -0.0 -1.0 0.8242300029954207
290.0 -0.0 -0.0 -1.0 2.276030517729739
300.0 -0.0 -0.0 -1.0 -1.6681025203366553
310.0 -0.0 -0.0 -1.0 -1.7603659734631265
320.0 -0.0 -0.0 -1.0 -2.5453945052220637
330.0 -0.0 -0.0 -1.0 0.6729369135610453
340.0 -0.0 -0.0 -1.0 -3.0487498163568625
350.0 -0.0 -0.0 -1.0 -1.1312294821476923
360.0 -0.0 -0.0 -1.0 2.414067738590824
370.0 -0.0 -0.0 -1.0 -1.9122315773113083
380.0 -0.0 -0.0 -1.0 -2.932794351349502
390.0 -0.0 -0.0 -1.0 -0.4895494117676866
400.0 -0.0 -0.0 -1.0 -0.5482476042176232
410.0 -0.0 -0.0 -1.0 -0.23448428238330357
420.0 -0.0 -0.0 -1.0 0.44267894322807655
430.0 -0.0 -0.0 -1.0 -0.8641792453611133
440.0 -0.0 -0.0 -1.0 2.1618027959102353
450.0 -0.0 -0.0 -1.0 0.5392990462174219
460.0 -0.0 -0.0 -1.0 1.4059981029921722
470.0 -0.0 -0.0 -1.0 -1.8204856579175304
480.0 -0.0 -0.0 -1.0 -1.3782091193563524
490.0 -0.0 -0.0 -1.0 1.1415381312361799
500.0 -0.0 -0.0 -1.0 1.9684111503101354
510.0 -0.0 -0.0 -1.0 3.050016886446391
520.0 -0.0 -0.0 -1.0 -0.14816557304063105
530.0 -0.0 -0.0 -1.0 1.6736287964756356
540.0 -0.0 -0.0 -1.0 -1.2233137361876056
550.0 -0.0 -0.0 -1.0 -0.5040011538148111
560.0 -0.0 -0.0 -1.0 1.7252966036559778
570.0 -0.0 -0.0 -1.0 2.923896728978015
580.0 -0.0 -0.0 -1.0 0.6201760441971398
590.0 -0.0 -0.0 -1.0 -0.5168194782290665
600.0 -0.0 -0.0 -1.0 -0.8262718000474266
610.0 -0.0 -0.0 -1.0 -0.7818221620110573
620.0 -0.0 -0.0 -1.0 -1.0804092576952358
630.0 -0.0 -0.0 -1.0 -1.0145379355503903
640.0 -0.0 -0.0 -1.0 2.6355016108520357
650.0 -0.0 -0.0 -1.0 -0.6853205266399637
660.0 -0.0 -0.0 -1.0 1.7595454824307635
670.0 -0.0 -0.0 -1.0 0.686939212663828
680.0 -0.0 -0.0 -1.0 -1.9586902555019654
690.0 -0.0 -0.0 -1.0 -2.2937038298642487
700.0 -0.0 -0.0 -1.0 2.522212738413936
710.0 -0.0 -0.0 -1.0 1.673353008062994
720.0 -0.0 -0.0 -1.0 -1.3576150103127234
730.0 -0.0 -0.0 -1.0 2.3772673511532125
740.0 -0.0 -0.0 -1.0 -1.780811121794916
750.0 -0.0 -0.0 -1.0 0.03475705825360821
760.0 -0.0 -0.0 -1.0 -2.3320781491718177
770.0 -0.0 -0.0 -1.0 -1.6022994549156062
780.0 -0.0 -0.0 -1.0 2.4438317612688434
790.0 -0.0 -0.0 -1.0 -1.5629136127386227
800.0 -0.0 -0.0 -1.0 -2.815923863613907
810.0 -0.0 -0.0 -1.0 -1.156696463098428
820.0 -0.0 -0.0 -1.0 1.0621316893126553
830.0 -0.0 -0.0 -1.0 2.7377113073837167
840.0 -0.0 -0.0 -1.0 2.579683055560937
850.0 -0.0 -0.0 -1.0 -0.3168721714503571
860.0 -0.0 -0.0 -1.0 1.8088611798187848
870.0 -0.0 -0.0 -1.0 3.088566313142931
880.0 -0.0 -0.0 -1.0 1.3161880108879878
890.0 -0.0 -0.0 -1.0 1.0983547491433725
900.0 -0.0 -0.0 -1.0 -0.32749802647893533
910.0 -0.0 -0.0 -1.0 2.646546712348203
920.0 -0.0 -0.0 -1.0 -2.635485413287332
930.0 -0.0 -0.0 -1.0 1.084905631895465
940.0 -0.0 -0.0 -1.0 1.1946264847959387
950.0 -0.0 -0.0 -1.0 -3.0964192047358807
960.0 -0.0 -0.0 -1.0 -3.052064578118397
970.0 -0.0 -0.0 -1.0 2.2763167157208737
980.0 -0.0 -0.0 -1.0 1.3808468120575434
990.0 -0.0 -0.0 -1.0 0.24740315561798742
1000.0 -0.0 -0.0 -1.0 0.4844253549128534
1010.0 -0.0 -0.0 -1.0 3.10382386561764
1020.0 -0.0 -0.0 -1.0 1.562238261353713
1030.0 -0.0 -0.0 -1.0 0.46353441077253404
1040.0 -0.0 -0.0 -1.0 -0.6069045535285976
1050.0 -0.0 -0.0 -1.0 -2.8361206746393206
1060.0 -0.0 -0.0 -1.0 0.1351233201670283
1070.0 -0.0 -0.0 -1.0 -1.3988527181061827
1080.0 -0.0 -0.0 -1.0 -2.121537837742569
1090.0 -0.0 -0.0 -1.0 2.337167512507707
