100
100.0 -0.0 -0.0 -1.0 1.3693078602191702
110.0 -0.0 -0.0 -1.0 -1.194179121859026
120.0 -0.0 -0.0 -1.0 -2.3463291125226395
130.0 -0.0 -0.0 -1.0 0.9843115145313391
140.0 -0.0 -0.0 -1.0 -0.9659406395270962
150.0 -0.0 -0.0 -1.0 1.7233355602021678
160.0 -0.0 -0.0 -1.0 0.7892197634118227
170.0 -0.0 -0.0 -1.0 -1.5080139477121597
180.0 -0.0 -0.0 -1.0 1.897963288788941
190.0 -0.0 -0.0 -1.0 0.33540723077113593
200.0 -0.0 -0.0 -1.0 -1.851165627397647
210.0 -0.0 -0.0 -1.0 -3.1219030703745436
220.0 -0.0 -0.0 -1.0 -2.740853905035129
230.0 -0.0 -0.0 -1.0 -0.08796657686256314
240.0 -0.0 -0.0 -1.0 1.5310280911056373
250.0 -0.0 -0.0 -1.0 -2.154341145516487
260.0 -0.0 -0.0 -1.0 -1.6037286955452685
270.0 -0.0 -0.0 -1.0 1.0451006082181336
280.0 -0.0 -0.0 -1.0 2.3066515970796653
290.0 -0.0 -0.0 -1.0 3.0314621798205974
300.0 -0.0 -0.0 -1.0 -1.3833462307352384
310.0 -0.0 -0.0 -1.0 -1.7556791440392177
320.0 -0.0 -0.0 -1.0 -2.497568139696305
330.0 -0.0 -0.0 -1.0 -0.13800242986667738
340.0 -0.0 -0.0 -1.0 3.028928123547623
350.0 -0.0 -0.0 -1.0 -0.8313297012098445
360.0 -0.0 -0.0 -1.0 2.4962471626030482
370.0 -0.0 -0.0 -1.0 -1.8018087371665845
380.0 -0.0 -0.0 -1.0 -3.1130231118251195
390.0 -0.0 -0.0 -1.0 -0.5657109437360708
400.0 -0.0 -0.0 -1.0 -0.06256159594102949
410.0 -0.0 -0.0 -1.0 0.30250796864104423
420.0 -0.0 -0.0 -1.0 1.474751300241877
430.0 -0.0 -0.0 -1.0 -0.34687506903901816
440.0 -0.0 -0.0 -1.0 0.8963369143946766
450.0 -0.0 -0.0 -1.0 0.558471564702222
460.0 -0.0 -0.0 -1.0 -1.4004239752937848
470.0 -0.0 -0.0 -1.0 -1.8390744715270229
480.0 -0.0 -0.0 -1.0 -1.7104440254047377
490.0 -0.0 -0.0 -1.0 0.3459616764813694
500.0 -0.0 -0.0 -1.0 1.1610551997339362
510.0 -0.0 -0.0 -1.0 -1.2348823138767235
520.0 -0.0 -0.0 -1.0 -2.516147086886098
530.0 -0.0 -0.0 -1.0 -0.9010478101951549
540.0 -0.0 -0.0 -1.0 -1.3708826387861464
550.0 -0.0 -0.0 -1.0 2.2516736313230172
560.0 -0.0 -0.0 -1.0 2.7098201501834063
570.0 -0.0 -0.0 -1.0 2.3611596666058006
580.0 -0.0 -0.0 -1.0 -2.0856690661724753
590.0 -0.0 -0.0 -1.0 0.6501794185867626
600.0 -0.0 -0.0 -1.0 0.4694150547648756
610.0 -0.0 -0.0 -1.0 -1.2691318489976733
620.0 -0.0 -0.0 -1.0 -2.8528155260375874
630.0 -0.0 -0.0 -1.0 -2.2628612983282963
640.0 -0.0 -0.0 -1.0 2.382385816906149
650.0 -0.0 -0.0 -1.0 0.0016295155356997786
660.0 -0.0 -0.0 -1.0 -2.1447236526187465
670.0 -0.0 -0.0 -1.0 1.3560477666426192
680.0 -0.0 -0.0 -1.0 -1.9988695825402751
690.0 -0.0 -0.0 -1.0 1.7225505564313721
700.0 -0.0 -0.0 -1.0 1.0769363072406095
710.0 -0.0 -0.0 -1.0 0.6130550148619026
720.0 -0.0 -0.0 -1.0 1.150651567689296
730.0 -0.0 -0.0 -1.0 -1.0168338648685393
740.0 -0.0 -0.0 -1.0 -0.623848652944002
750.0 -0.0 -0.0 -1.0 2.383529570229602
760.0 -0.0 -0.0 -1.0 -1.8142190746624414
770.0 -0.0 -0.0 -1.0 -1.3555408525600583
780.0 -0.0 -0.0 -1.0 0.8475477446363703
790.0 -0.0 -0.0 -1.0 2.58872640672929
800.0 -0.0 -0.0 -1.0 -1.3236037940978778
810.0 -0.0 -0.0 -1.0 0.6502871159471604
820.0 -0.0 -0.0 -1.0 -3.062145757074827
830.0 -0.0 -0.0 -1.0 -1.7140904785758833
840.0 -0.0 -0.0 -1.0 2.097908910776165
850.0 -0.0 -0.0 -1.0 -2.2804885234141232
860.0 -0.0 -0.0 -1.0 -2.7557424296426265
870.0 -0.0 -0.0 -1.0 -0.29091416771199835
880.0 -0.0 -0.0 -1.0 1.9310014077298514
890.0 -0.0 -0.0 -1.0 -2.0909799565391474
900.0 -0.0 -0.0 -1.0 -2.888650850625126
910.0 -0.0 -0.0 -1.0 -0.8143634033577745
920.0 -0.0 -0.0 -1.0 0.5151949848557296
930.0 -0.0 -0.0 -1.0 0.4692078045895175
940.0 -0.0 -0.0 -1.0 -2.0407187547798586
950.0 -0.0 -0.0 -1.0 0.23029827304339054
960.0 -0.0 -0.0 -1.0 -3.098303057379296
970.0 -0.0 -0.0 -1.0 -0.9458026563517333
980.0 -0.0 -0.0 -1.0 -0.4002730721311225
990.0 -0.0 -0.0 -1.0 -1.9518107357600278
1000.0 -0.0 -0.0 -1.0 -2.327355981666483
1010.0 -0.0 -0.0 -1.0 -0.3085971768394886
1020.0 -0.0 -0.0 -1.0 0.7703745453031052
1030.0 -0.0 -0.0 -1.0 0.07541080441421646
1040.0 -0.0 -0.0 -1.0 1.9339381414014662
1050.0 -0.0 -0.0 -1.0 1.871935819133026
1060.0 -0.0 -0.0 -1.0 0.8237909609999742
1070.0 -0.0 -0.0 -1.0 2.852426448855138
1080.0 -0.0 -0.0 -1.0 -0.8189041717954307
1090.0 -0.0 -0.0 -1.0 -1.5975788739658356
