100
100.0 -0.0 -0.0 -1.0 -2.9260377001089055
110.0 -0.0 -0.0 -1.0 -1.257434327425634
120.0 -0.0 -0.0 -1.0 -2.11714620545541
130.0 -0.0 -0.0 -1.0 -1.70536881375415
140.0 -0.0 -0.0 -1.0 1.4957718085983613
150.0 -0.0 -0.0 -1.0 -1.3709356566727078
160.0 -0.0 -0.0 -1.0 3.0815447208901436
170.0 -0.0 -0.0 -1.0 -1.5887880637827727
180.0 -0.0 -0.0 -1.0 -0.8614270106509214
190.0 -0.0 -0.0 -1.0 -2.9352680257694224
200.0 -0.0 -0.0 -1.0 1.4841578230269918
210.0 -0.0 -0.0 -1.0 -0.4453037043201932
220.0 -0.0 -0.0 -1.0 0.9697498285375551
230.0 -0.0 -0.0 -1.0 -2.812928306545466
240.0 -0.0 -0.0 -1.0 -1.0894375302592167
250.0 -0.0 -0.0 -1.0 -1.2503257948316446
260.0 -0.0 -0.0 -1.0 0.2798010757813879
270.0 -0.0 -0.0 -1.0 -0.5891669890265988
280.0 -0.0 -0.0 -1.0 0.956219911056962
290.0 -0.0 -0.0 -1.0 3.0171883078005934
300.0 -0.0 -0.0 -1.0 -0.8211903410574055
310.0 -0.0 -0.0 -1.0 0.8689537744397929
320.0 -0.0 -0.0 -1.0 1.2623098530172308
330.0 -0.0 -0.0 -1.0 -2.6252212673349464
340.0 -0.0 -0.0 -1.0 -2.8837955120683723
350.0 -0.0 -0.0 -1.0 3.1163911442473977
360.0 -0.0 -0.0 -1.0 -2.018311244836819
370.0 -0.0 -0.0 -1.0 -0.9507490399617371
380.0 -0.0 -0.0 -1.0 -2.9588993549324667
390.0 -0.0 -0.0 -1.0 -1.9239450615801275
400.0 -0.0 -0.0 -1.0 1.4023210096555956
410.0 -0.0 -0.0 -1.0 -1.6442977180148717
420.0 -0.0 -0.0 -1.0 -3.108646020837025
430.0 -0.0 -0.0 -1.0 -2.396559155142642
440.0 -0.0 -0.0 -1.0 -0.4846856593639639
450.0 -0.0 -0.0 -1.0 -0.7249336913253999
460.0 -0.0 -0.0 -1.0 1.0846517121486248
470.0 -0.0 -0.0 -1.0 0.41132168028900545
480.0 -0.0 -0.0 -1.0 -1.7242722226906388
490.0 -0.0 -0.0 -1.0 2.3912435425964045
500.0 -0.0 -0.0 -1.0 -2.449682353276114
510.0 -0.0 -0.0 -1.0 -1.6504201872234094
520.0 -0.0 -0.0 -1.0 0.8206318767211392
530.0 -0.0 -0.0 -1.0 2.8935150468469053
540.0 -0.0 -0.0 -1.0 1.8516278723201083
550.0 -0.0 -0.0 -1.0 -0.5059721789280992
560.0 -0.0 -0.0 -1.0 2.0717554857449723
570.0 -0.0 -0.0 -1.0 0.6729497187016451
580.0 -0.0 -0.0 -1.0 0.6747306639323554
590.0 -0.0 -0.0 -1.0 -1.1866688193467658
600.0 -0.0 -0.0 -1.0 -2.898236301678204
610.0 -0.0 -0.0 -1.0 2.303673989910005
620.0 -0.0 -0.0 -1.0 -1.7243064936238413
630.0 -0.0 -0.0 -1.0 1.6045683897186647
640.0 -0.0 -0.0 -1.0 1.228348497073465
650.0 -0.0 -0.0 -1.0 1.4308273374576514
660.0 -0.0 -0.0 -1.0 -1.1638248389661603
670.0 -0.0 -0.0 -1.0 -0.20103653514711364
680.0 -0.0 -0.0 -1.0 0.9372623362105994
690.0 -0.0 -0.0 -1.0 1.9721082574683937
700.0 -0.0 -0.0 -1.0 1.2618367521889076
710.0 -0.0 -0.0 -1.0 -0.28884527297988916
720.0 -0.0 -0.0 -1.0 0.12774667274019405
730.0 -0.0 -0.0 -1.0 2.596100953605912
740.0 -0.0 -0.0 -1.0 0.39538560659000516
750.0 -0.0 -0.0 -1.0 -2.8638394487137036
760.0 -0.0 -0.0 -1.0 2.7059777325474905
770.0 -0.0 -0.0 -1.0 1.7062358089678218
780.0 -0.0 -0.0 -1.0 -0.4133694860856638
790.0 -0.0 -0.0 -1.0 -0.7256456469467806
800.0 -0.0 -0.0 -1.0 -3.0394433657834994
810.0 -0.0 -0.0 -1.0 -1.8590093416594906
820.0 -0.0 -0.0 -1.0 -1.4293134498875724
830.0 -0.0 -0.0 -1.0 -2.5975600425948238
840.0 -0.0 -0.0 -1.0 1.0437812346284046
850.0 -0.0 -0.0 -1.0 2.291181184330016
860.0 -0.0 -0.0 -1.0 -1.0035842396265355
870.0 -0.0 -0.0 -1.0 0.30274179173718935
880.0 -0.0 -0.0 -1.0 0.29222384120055184
890.0 -0.0 -0.0 -1.0 -1.7518347790379634
900.0 -0.0 -0.0 -1.0 -2.0206399010855365
910.0 -0.0 -0.0 -1.0 -0.5892620371907171
920.0 -0.0 -0.0 -1.0 -1.3351228405482725
930.0 -0.0 -0.0 -1.0 -0.9405152929360387
940.0 -0.0 -0.0 -1.0 1.7916732751144524
950.0 -0.0 -0.0 -1.0 0.05242555944326699
960.0 -0.0 -0.0 -1.0 2.409138039791185
970.0 -0.0 -0.0 -1.0 1.932355844354122
980.0 -0.0 -0.0 -1.0 0.10765500294283127
990.0 -0.0 -0.0 -1.0 -2.153091858969424
1000.0 -0.0 -0.0 -1.0 1.941862870203353
1010.0 -0.0 -0.0 -1.0 0.9688529685635174
1020.0 -0.0 -0.0 -1.0 1.8039316917828099
1030.0 -0.0 -0.0 -1.0 0.11131984703005597
1040.0 -0.0 -0.0 -1.0 2.61162032926372
1050.0 -0.0 -0.0 -1.0 1.983487669153289
1060.0 -0.0 -0.0 -1.0 -0.34699783494387004
1070.0 -0.0 -0.0 -1.0 2.4310959189038615
1080.0 -0.0 -0.0 -1.0 0.6711169389679811
1090.0 -0.0 -0.0 -1.0 2.27762362522252
