100
100.0 -0.0 -0.0 -1.0 -2.8608391662955337
110.0 -0.0 -0.0 -1.0 -1.3247366989346256
120.0 -0.0 -0.0 -1.0 -2.1626668599963383
130.0 -0.0 -0.0 -1.0 -1.834611033230272
140.0 -0.0 -0.0 -1.0 1.4163657478296883
150.0 -0.0 -0.0 -1.0 -1.2119685686684136
160.0 -0.0 -0.0 -1.0 -3.1221423199463567
170.0 -0.0 -0.0 -1.0 3.0532845005949927
180.0 -0.0 -0.0 -1.0 -0.12857593323473815
190.0 -0.0 -0.0 -1.0 -2.8986726148762383
200.0 -0.0 -0.0 -1.0 0.7303704919917995
210.0 -0.0 -0.0 -1.0 -0.39062297020914283
220.0 -0.0 -0.0 -1.0 0.826547278654474
230.0 -0.0 -0.0 -1.0 -2.9021413235023865
240.0 -0.0 -0.0 -1.0 -0.9429609971074597
250.0 -0.0 -0.0 -1.0 -1.3491526960945315
260.0 -0.0 -0.0 -1.0 0.18553465188273885
270.0 -0.0 -0.0 -1.0 -2.2222834796210282
280.0 -0.0 -0.0 -1.0 1.2411285044808056
290.0 -0.0 -0.0 -1.0 -2.9056636490918866
300.0 -0.0 -0.0 -1.0 -0.7941685649164321
310.0 -0.0 -0.0 -1.0 1.175677818981515
320.0 -0.0 -0.0 -1.0 1.173796843852973
330.0 -0.0 -0.0 -1.0 0.37681417984149995
340.0 -0.0 -0.0 -1.0 -2.6760401530142777
350.0 -0.0 -0.0 -1.0 2.8250529815633048
360.0 -0.0 -0.0 -1.0 -2.182804483542923
370.0 -0.0 -0.0 -1.0 -1.928074946000251
380.0 -0.0 -0.0 -1.0 -3.0872271630374035
390.0 -0.0 -0.0 -1.0 -2.226443892365879
400.0 -0.0 -0.0 -1.0 0.5198527666987364
410.0 -0.0 -0.0 -1.0 -1.6407733756413114
420.0 -0.0 -0.0 -1.0 2.8532759510726535
430.0 -0.0 -0.0 -1.0 -2.39784618060432
440.0 -0.0 -0.0 -1.0 1.2704387713476544
450.0 -0.0 -0.0 -1.0 -1.2533804259339278
460.0 -0.0 -0.0 -1.0 0.45718675725864805
470.0 -0.0 -0.0 -1.0 0.18589585383141988
480.0 -0.0 -0.0 -1.0 -0.4916423496825461
490.0 -0.0 -0.0 -1.0 2.04301832815215
500.0 -0.0 -0.0 -1.0 -2.395297619816579
510.0 -0.0 -0.0 -1.0 -0.5939675170129116
520.0 -0.0 -0.0 -1.0 0.17194543856870623
530.0 -0.0 -0.0 -1.0 -1.9719707373685715
540.0 -0.0 -0.0 -1.0 0.4288424006850672
550.0 -0.0 -0.0 -1.0 -0.494993159799951
560.0 -0.0 -0.0 -1.0 1.3687516894352658
570.0 -0.0 -0.0 -1.0 0.22847419237289324
580.0 -0.0 -0.0 -1.0 1.5437059975278429
590.0 -0.0 -0.0 -1.0 -0.6197722890495285
600.0 -0.0 -0.0 -1.0 -1.946365786517091
610.0 -0.0 -0.0 -1.0 1.9346744196079873
620.0 -0.0 -0.0 -1.0 -2.66294053323165
630.0 -0.0 -0.0 -1.0 -1.0474849917451603
640.0 -0.0 -0.0 -1.0 0.017278648121351582
650.0 -0.0 -0.0 -1.0 0.404496360053173
660.0 -0.0 -0.0 -1.0 -2.2054805552920893
670.0 -0.0 -0.0 -1.0 0.7286697822984162
680.0 -0.0 -0.0 -1.0 -2.172264198415244
690.0 -0.0 -0.0 -1.0 -1.392031654351637
700.0 -0.0 -0.0 -1.0 0.2212001707207004
710.0 -0.0 -0.0 -1.0 1.6696844594889828
720.0 -0.0 -0.0 -1.0 -1.2833974043429377
730.0 -0.0 -0.0 -1.0 -0.5773418680911104
740.0 -0.0 -0.0 -1.0 0.9924765419477795
750.0 -0.0 -0.0 -1.0 2.291890510999074
760.0 -0.0 -0.0 -1.0 -0.15921988927328046
770.0 -0.0 -0.0 -1.0 -2.871405773096038
780.0 -0.0 -0.0 -1.0 0.05591787882909069
790.0 -0.0 -0.0 -1.0 0.3895784890484815
800.0 -0.0 -0.0 -1.0 0.9510526038503434
810.0 -0.0 -0.0 -1.0 -0.2723459718558571
820.0 -0.0 -0.0 -1.0 0.6050466804527322
830.0 -0.0 -0.0 -1.0 2.0467703276938787
840.0 -0.0 -0.0 -1.0 -2.757317215722383
850.0 -0.0 -0.0 -1.0 -2.4105481785116414
860.0 -0.0 -0.0 -1.0 -3.0675856271914395
870.0 -0.0 -0.0 -1.0 -0.21225528619387204
880.0 -0.0 -0.0 -1.0 0.7921385768443424
890.0 -0.0 -0.0 -1.0 0.035980308540013446
900.0 -0.0 -0.0 -1.0 0.5657957522218207
910.0 -0.0 -0.0 -1.0 -2.9024010319458777
920.0 -0.0 -0.0 -1.0 -2.0582766512883532
930.0 -0.0 -0.0 -1.0 -1.1185918045391852
940.0 -0.0 -0.0 -1.0 -1.2349290742479864
950.0 -0.0 -0.0 -1.0 -2.112343939954895
960.0 -0.0 -0.0 -1.0 -0.033135325306849296
970.0 -0.0 -0.0 -1.0 0.4292938057040043
980.0 -0.0 -0.0 -1.0 1.3682066019647303
990.0 -0.0 -0.0 -1.0 1.0981179421636933
1000.0 -0.0 -0.0 -1.0 0.7411170575733484
1010.0 -0.0 -0.0 -1.0 -0.06680778586535815
1020.0 -0.0 -0.0 -1.0 -1.870931333269973
1030.0 -0.0 -0.0 -1.0 1.685695086659781
1040.0 -0.0 -0.0 -1.0 2.321340887935881
1050.0 -0.0 -0.0 -1.0 -1.0862462188399826
1060.0 -0.0 -0.0 -1.0 2.2561246262458847
1070.0 -0.0 -0.0 -1.0 1.7226566641806769
1080.0 -0.0 -0.0 -1.0 2.5530317986688775
1090.0 -0.0 -0.0 -1.0 -0.6798683202789395
