100
100.0 -0.0 -0.0 -1.0 -2.908929078505048
110.0 -0.0 -0.0 -1.0 -1.2893481926795938
120.0 -0.0 -0.0 -1.0 -2.339591344296224
130.0 -0.0 -0.0 -1.0 -2.152799081011062
140.0 -0.0 -0.0 -1.0 1.6516572165109231
150.0 -0.0 -0.0 -1.0 -0.757345499537153
160.0 -0.0 -0.0 -1.0 -2.8906522754026835
170.0 -0.0 -0.0 -1.0 2.906096171161971
180.0 -0.0 -0.0 -1.0 1.0340863693953135
190.0 -0.0 -0.0 -1.0 1.9231565213885384
200.0 -0.0 -0.0 -1.0 -0.14092981556658027
210.0 -0.0 -0.0 -1.0 2.3287285052168247
220.0 -0.0 -0.0 -1.0 1.7185925733871406
230.0 -0.0 -0.0 -1.0 2.5806159489471145
240.0 -0.0 -0.0 -1.0 -1.381997826217336
250.0 -0.0 -0.0 -1.0 -1.272162092706053
260.0 -0.0 -0.0 -1.0 0.7178663658750505
270.0 -0.0 -0.0 -1.0 3.0853532370721366
280.0 -0.0 -0.0 -1.0 3.0885567899592328
290.0 -0.0 -0.0 -1.0 -0.16877499438417243
300.0 -0.0 -0.0 -1.0 2.176943623212691
310.0 -0.0 -0.0 -1.0 2.972889423841697
320.0 -0.0 -0.0 -1.0 2.5443102308395233
330.0 -0.0 -0.0 -1.0 -0.07051352962717027
340.0 -0.0 -0.0 -1.0 2.4640890762980594
350.0 -0.0 -0.0 -1.0 0.8866707078459856
360.0 -0.0 -0.0 -1.0 -0.3059598380301919
370.0 -0.0 -0.0 -1.0 -1.015699854296336
380.0 -0.0 -0.0 -1.0 -3.094858526965037
390.0 -0.0 -0.0 -1.0 0.5222437856880698
400.0 -0.0 -0.0 -1.0 -2.6763854598928365
410.0 -0.0 -0.0 -1.0 -2.7139732486821706
420.0 -0.0 -0.0 -1.0 0.8749332352867999
430.0 -0.0 -0.0 -1.0 0.20657890098696202
440.0 -0.0 -0.0 -1.0 2.764636117056849
450.0 -0.0 -0.0 -1.0 -0.04929951263261768
460.0 -0.0 -0.0 -1.0 -2.2924169406480255
470.0 -0.0 -0.0 -1.0 -2.2251874707208508
480.0 -0.0 -0.0 -1.0 -2.1402891399967827
490.0 -0.0 -0.0 -1.0 -2.8612684673324686
500.0 -0.0 -0.0 -1.0 -2.25989992083572
510.0 -0.0 -0.0 -1.0 0.27129472663770204
520.0 -0.0 -0.0 -1.0 -3.1405898701882466
530.0 -0.0 -0.0 -1.0 -1.0845981524401795
540.0 -0.0 -0.0 -1.0 2.6255629729243477
550.0 -0.0 -0.0 -1.0 1.9397493236330352
560.0 -0.0 -0.0 -1.0 -2.509856643367749
570.0 -0.0 -0.0 -1.0 -2.8852920348743276
580.0 -0.0 -0.0 -1.0 -0.7184797917616972
590.0 -0.0 -0.0 -1.0 2.5287168424315154
600.0 -0.0 -0.0 -1.0 1.3735623150099534
610.0 -0.0 -0.0 -1.0 -0.495702338699388
620.0 -0.0 -0.0 -1.0 -1.7107381965066233
630.0 -0.0 -0.0 -1.0 -2.4181312082780355
640.0 -0.0 -0.0 -1.0 -0.936996238556932
650.0 -0.0 -0.0 -1.0 -1.851302044960802
660.0 -0.0 -0.0 -1.0 2.944097486770335
670.0 -0.0 -0.0 -1.0 -0.95221434425403
680.0 -0.0 -0.0 -1.0 -1.777817029661781
690.0 -0.0 -0.0 -1.0 -1.0641020919932838
700.0 -0.0 -0.0 -1.0 -0.43669950001178837
710.0 -0.0 -0.0 -1.0 2.225549557520508
720.0 -0.0 -0.0 -1.0 1.1751859666485813
730.0 -0.0 -0.0 -1.0 1.7205477168398384
740.0 -0.0 -0.0 -1.0 2.188430952779222
750.0 -0.0 -0.0 -1.0 -2.3297217367906677
760.0 -0.0 -0.0 -1.0 2.252723529069313
770.0 -0.0 -0.0 -1.0 2.9488789013144268
780.0 -0.0 -0.0 -1.0 1.8664922472698287
790.0 -0.0 -0.0 -1.0 -0.8112835855358581
800.0 -0.0 -0.0 -1.0 1.8521771465134413
810.0 -0.0 -0.0 -1.0 1.5016231972448464
820.0 -0.0 -0.0 -1.0 -2.1077438476049184
830.0 -0.0 -0.0 -1.0 2.3334795858875954
840.0 -0.0 -0.0 -1.0 -1.5769744261261562
850.0 -0.0 -0.0 -1.0 1.6901339083152527
860.0 -0.0 -0.0 -1.0 2.6095349196428925
870.0 -0.0 -0.0 -1.0 1.1947506328027775
880.0 -0.0 -0.0 -1.0 -1.4076904282506437
890.0 -0.0 -0.0 -1.0 -0.0720706056961069
900.0 -0.0 -0.0 -1.0 0.012116257074367925
910.0 -0.0 -0.0 -1.0 -2.607445751248492
920.0 -0.0 -0.0 -1.0 3.1192965447600356
930.0 -0.0 -0.0 -1.0 0.12950890050420516
940.0 -0.0 -0.0 -1.0 -0.7297427129453176
950.0 -0.0 -0.0 -1.0 2.3006630566892876
960.0 -0.0 -0.0 -1.0 0.8796454542272627
970.0 -0.0 -0.0 -1.0 -1.4999618762464395
980.0 -0.0 -0.0 -1.0 -3.0526453808633325
990.0 -0.0 -0.0 -1.0 1.7810341919171415
1000.0 -0.0 -0.0 -1.0 2.484094447902436
1010.0 -0.0 -0.0 -1.0 2.2937467221525716
1020.0 -0.0 -0.0 -1.0 1.553476411319327
1030.0 -0.0 -0.0 -1.0 1.6170624487198957
1040.0 -0.0 -0.0 -1.0 1.3391096399597546
1050.0 -0.0 -0.0 -1.0 -2.5940240593654407
1060.0 -0.0 -0.0 -1.0 2.9119988871809435
1070.0 -0.0 -0.0 -1.0 -2.7115667240131116
1080.0 -0.0 -0.0 -1.0 -1.2527342664445595
1090.0 -0.0 -0.0 -1.0 -1.794910777852276
