100
100.0 -0.0 -0.0 -1.0 -1.7049142832373958
110.0 -0.0 -0.0 -1.0 -1.8858175211871295
120.0 -0.0 -0.0 -1.0 3.049632589404982
130.0 -0.0 -0.0 -1.0 -2.600602623231907
140.0 -0.0 -0.0 -1.0 -1.3460789132221576
150.0 -0.0 -0.0 -1.0 -1.5999256402783584
160.0 -0.0 -0.0 -1.0 1.9418087722005168
170.0 -0.0 -0.0 -1.0 -1.4109295395457477
180.0 -0.0 -0.0 -1.0 -2.7531540437173567
190.0 -0.0 -0.0 -1.0 0.3120465555640584
200.0 -0.0 -0.0 -1.0 -0.3014386770256875
210.0 -0.0 -0.0 -1.0 -1.0131555840433824
220.0 -0.0 -0.0 -1.0 -1.0631762241528568
230.0 -0.0 -0.0 -1.0 1.3844404272837458
240.0 -0.0 -0.0 -1.0 1.082323570838681
250.0 -0.0 -0.0 -1.0 0.4393592786869565
260.0 -0.0 -0.0 -1.0 -0.6027283995601086
270.0 -0.0 -0.0 -1.0 1.341086269920472
280.0 -0.0 -0.0 -1.0 0.4042890997702556
290.0 -0.0 -0.0 -1.0 1.9061210882419903
300.0 -0.0 -0.0 -1.0 -1.055723637697721
310.0 -0.0 -0.0 -1.0 1.5457603264767288
320.0 -0.0 -0.0 -1.0 0.1582849104580855
330.0 -0.0 -0.0 -1.0 1.60132953614057
340.0 -0.0 -0.0 -1.0 -1.8946153184371175
350.0 -0.0 -0.0 -1.0 2.4401998334436743
360.0 -0.0 -0.0 -1.0 -1.603680163949168
370.0 -0.0 -0.0 -1.0 -1.7845937835787011
380.0 -0.0 -0.0 -1.0 2.668651969627023
390.0 -0.0 -0.0 -1.0 -2.0333459205275815
400.0 -0.0 -0.0 -1.0 -0.3230129084403573
410.0 -0.0 -0.0 -1.0 -0.14247774183609643
420.0 -0.0 -0.0 -1.0 1.3214010255832613
430.0 -0.0 -0.0 -1.0 2.177365540358522
440.0 -0.0 -0.0 -1.0 0.5152413764548909
450.0 -0.0 -0.0 -1.0 1.0679677959134277
460.0 -0.0 -0.0 -1.0 1.5991785497276412
470.0 -0.0 -0.0 -1.0 0.29689723902653037
480.0 -0.0 -0.0 -1.0 -2.5001054419642523
490.0 -0.0 -0.0 -1.0 -2.2373692595847867
500.0 -0.0 -0.0 -1.0 1.5134363768974377
510.0 -0.0 -0.0 -1.0 3.0935712877565362
520.0 -0.0 -0.0 -1.0 0.2521458250289473
530.0 -0.0 -0.0 -1.0 2.400798565872844
540.0 -0.0 -0.0 -1.0 -0.998185695656256
550.0 -0.0 -0.0 -1.0 -0.7020459563839122
560.0 -0.0 -0.0 -1.0 0.9577934855607593
570.0 -0.0 -0.0 -1.0 -1.7750448109762085
580.0 -0.0 -0.0 -1.0 1.235579002117544
590.0 -0.0 -0.0 -1.0 -1.0505909168559622
600.0 -0.0 -0.0 -1.0 1.8382260216247313
610.0 -0.0 -0.0 -1.0 2.3754674483119427
620.0 -0.0 -0.0 -1.0 -1.8612470089612239
630.0 -0.0 -0.0 -1.0 1.8148681570958316
640.0 -0.0 -0.0 -1.0 1.0569277330714248
650.0 -0.0 -0.0 -1.0 -0.5166571405123218
660.0 -0.0 -0.0 -1.0 0.1779940946146103
670.0 -0.0 -0.0 -1.0 2.559914975354113
680.0 -0.0 -0.0 -1.0 -0.36856525373839333
690.0 -0.0 -0.0 -1.0 0.63384459016172
700.0 -0.0 -0.0 -1.0 -2.3767791238219673
710.0 -0.0 -0.0 -1.0 -1.5746675399975243
720.0 -0.0 -0.0 -1.0 -0.3289075438531839
730.0 -0.0 -0.0 -1.0 3.0907980177118564
740.0 -0.0 -0.0 -1.0 2.224499400387792
750.0 -0.0 -0.0 -1.0 -2.019532347609666
760.0 -0.0 -0.0 -1.0 1.006648953364324
770.0 -0.0 -0.0 -1.0 -2.0662075629263836
780.0 -0.0 -0.0 -1.0 -0.6771426696314482
790.0 -0.0 -0.0 -1.0 0.8391554118334649
800.0 -0.0 -0.0 -1.0 -0.8333234700448257
810.0 -0.0 -0.0 -1.0 1.659164650094973
820.0 -0.0 -0.0 -1.0 2.2448575835685536
830.0 -0.0 -0.0 -1.0 1.7001864180144457
840.0 -0.0 -0.0 -1.0 0.7190716962541048
850.0 -0.0 -0.0 -1.0 -1.6170250691303236
860.0 -0.0 -0.0 -1.0 -3.1039196099400113
870.0 -0.0 -0.0 -1.0 -2.404580191491072
880.0 -0.0 -0.0 -1.0 1.874055750725737
890.0 -0.0 -0.0 -1.0 -2.5072600119482225
900.0 -0.0 -0.0 -1.0 -1.3847070727615107
910.0 -0.0 -0.0 -1.0 2.0009387751722483
920.0 -0.0 -0.0 -1.0 -0.1167236115471891
930.0 -0.0 -0.0 -1.0 -0.32375026141637825
940.0 -0.0 -0.0 -1.0 2.4969005656715653
950.0 -0.0 -0.0 -1.0 -0.5751240014225831
960.0 -0.0 -0.0 -1.0 0.2304205661646431
970.0 -0.0 -0.0 -1.0 0.8523786486838115
980.0 -0.0 -0.0 -1.0 0.09495690087122385
990.0 -0.0 -0.0 -1.0 -0.654185063801246
1000.0 -0.0 -0.0 -1.0 -0.7620990759333929
1010.0 -0.0 -0.0 -1.0 -2.9075193214557054
1020.0 -0.0 -0.0 -1.0 0.7623809357407384
1030.0 -0.0 -0.0 -1.0 1.37151687277214
1040.0 -0.0 -0.0 -1.0 -1.5625286058920613
1050.0 -0.0 -0.0 -1.0 -1.164143078997587
1060.0 -0.0 -0.0 -1.0 -0.38702526008719046
1070.0 -0.0 -0.0 -1.0 -1.1609654791503263
1080.0 -0.0 -0.0 -1.0 2.6565646045993505
1090.0 -0.0 -0.0 -1.0 0.9712554980290659
