100
100.0 -0.0 -0.0 -1.0 -0.8652868304008384
110.0 -0.0 -0.0 -1.0 2.8849679326633746
120.0 -0.0 -0.0 -1.0 -1.4465549823673702
130.0 -0.0 -0.0 -1.0 -0.8669872847673437
140.0 -0.0 -0.0 -1.0 -1.0010239180583058
150.0 -0.0 -0.0 -1.0 -1.4317430955418642
160.0 -0.0 -0.0 -1.0 0.13765449195586676
170.0 -0.0 -0.0 -1.0 -0.9775873433225075
180.0 -0.0 -0.0 -1.0 -0.9370380066367365
190.0 -0.0 -0.0 -1.0 -1.0827662718502027
200.0 -0.0 -0.0 -1.0 -2.0097481390416325
210.0 -0.0 -0.0 -1.0 1.912871512307597
220.0 -0.0 -0.0 -1.0 3.1326239673858627
230.0 -0.0 -0.0 -1.0 1.9979551179687047
240.0 -0.0 -0.0 -1.0 0.14097394234794536
250.0 -0.0 -0.0 -1.0 1.944714987595979
260.0 -0.0 -0.0 -1.0 2.5164310983164437
270.0 -0.0 -0.0 -1.0 -3.0799715180190237
280.0 -0.0 -0.0 -1.0 -1.5321400115990997
290.0 -0.0 -0.0 -1.0 1.87480520124255
300.0 -0.0 -0.0 -1.0 -1.2556478285226556
310.0 -0.0 -0.0 -1.0 -2.5515594072755063
320.0 -0.0 -0.0 -1.0 -1.2907550186982228
330.0 -0.0 -0.0 -1.0 -1.9701772974908254
340.0 -0.0 -0.0 -1.0 -0.4819300597827614
350.0 -0.0 -0.0 -1.0 -0.07596965019465933
360.0 -0.0 -0.0 -1.0 -2.636797404892876
370.0 -0.0 -0.0 -1.0 2.4282608789962237
380.0 -0.0 -0.0 -1.0 -1.919949300501069
390.0 -0.0 -0.0 -1.0 -0.6000906841510174
400.0 -0.0 -0.0 -1.0 -0.04314895222272309
410.0 -0.0 -0.0 -1.0 2.4673963324240162
420.0 -0.0 -0.0 -1.0 2.0099117662385346
430.0 -0.0 -0.0 -1.0 -0.9082365675119158
440.0 -0.0 -0.0 -1.0 0.35822922011420855
450.0 -0.0 -0.0 -1.0 -0.1381285202749883
460.0 -0.0 -0.0 -1.0 0.32609989263985106
470.0 -0.0 -0.0 -1.0 -1.3807848373843725
480.0 -0.0 -0.0 -1.0 -0.5442805478326571
490.0 -0.0 -0.0 -1.0 -2.0787112244383126
500.0 -0.0 -0.0 -1.0 -1.5893696785806213
510.0 -0.0 -0.0 -1.0 1.7863391232798302
520.0 -0.0 -0.0 -1.0 -1.7038077104422444
530.0 -0.0 -0.0 -1.0 1.7657236588333267
540.0 -0.0 -0.0 -1.0 -1.9862430991778999
550.0 -0.0 -0.0 -1.0 0.30192859736258826
560.0 -0.0 -0.0 -1.0 1.7066707918914379
570.0 -0.0 -0.0 -1.0 2.202252271421842
580.0 -0.0 -0.0 -1.0 1.7143197077420373
590.0 -0.0 -0.0 -1.0 -0.5661400283442529
600.0 -0.0 -0.0 -1.0 1.3994004446204062
610.0 -0.0 -0.0 -1.0 -1.1599988821671832
620.0 -0.0 -0.0 -1.0 -2.1876437884311897
630.0 -0.0 -0.0 -1.0 1.548816327261558
640.0 -0.0 -0.0 -1.0 -2.9144419931765766
650.0 -0.0 -0.0 -1.0 -1.5012223812152885
660.0 -0.0 -0.0 -1.0 -1.8157932661083076
670.0 -0.0 -0.0 -1.0 0.8794988881633395
680.0 -0.0 -0.0 -1.0 -2.3007225293629157
690.0 -0.0 -0.0 -1.0 0.026653739069254934
700.0 -0.0 -0.0 -1.0 1.5677293132883163
710.0 -0.0 -0.0 -1.0 -2.1480283079047906
720.0 -0.0 -0.0 -1.0 2.6495907108179484
730.0 -0.0 -0.0 -1.0 0.32769568900323864
740.0 -0.0 -0.0 -1.0 -2.722142463418887
750.0 -0.0 -0.0 -1.0 2.836604636462202
760.0 -0.0 -0.0 -1.0 -0.17153100969182372
770.0 -0.0 -0.0 -1.0 1.7858846654836082
780.0 -0.0 -0.0 -1.0 -0.8013221458812606
790.0 -0.0 -0.0 -1.0 -0.6169732032026513
800.0 -0.0 -0.0 -1.0 -2.0527770320772527
810.0 -0.0 -0.0 -1.0 3.0833048874241222
820.0 -0.0 -0.0 -1.0 -0.979473207807259
830.0 -0.0 -0.0 -1.0 1.2802386256509188
840.0 -0.0 -0.0 -1.0 2.0946715721550704
850.0 -0.0 -0.0 -1.0 -1.5090512677655028
860.0 -0.0 -0.0 -1.0 -2.137669572470609
870.0 -0.0 -0.0 -1.0 1.3258559274611508
880.0 -0.0 -0.0 -1.0 2.6343915876301875
890.0 -0.0 -0.0 -1.0 -2.1216652880566853
900.0 -0.0 -0.0 -1.0 -1.8666064572213557
910.0 -0.0 -0.0 -1.0 -1.1406996686644872
920.0 -0.0 -0.0 -1.0 -3.082093268490527
930.0 -0.0 -0.0 -1.0 2.517083328487091
940.0 -0.0 -0.0 -1.0 2.1993749243289566
950.0 -0.0 -0.0 -1.0 0.9221192996379709
960.0 -0.0 -0.0 -1.0 -0.5545614941839565
970.0 -0.0 -0.0 -1.0 -0.7980703854075736
980.0 -0.0 -0.0 -1.0 -1.567705088102749
990.0 -0.0 -0.0 -1.0 -2.773359179031376
1000.0 -0.0 -0.0 -1.0 -0.3023406955427988
1010.0 -0.0 -0.0 -1.0 -2.2300291684332976
1020.0 -0.0 -0.0 -1.0 0.5618759248653393
1030.0 -0.0 -0.0 -1.0 -0.5419062882103068
1040.0 -0.0 -0.0 -1.0 -1.5367432169239046
1050.0 -0.0 -0.0 -1.0 -2.080978149195744
1060.0 -0.0 -0.0 -1.0 2.40058611941412
1070.0 -0.0 -0.0 -1.0 -1.9343760260722551
1080.0 -0.0 -0.0 -1.0 -1.3792146789658155
1090.0 -0.0 -0.0 -1.0 -0.854708833321302
