100
100.0 -0.0 -0.0 -1.0 -0.6405792542108222
110.0 -0.0 -0.0 -1.0 2.771993647402977
120.0 -0.0 -0.0 -1.0 -1.7402548965635443
130.0 -0.0 -0.0 -1.0 -0.39255608317528023
140.0 -0.0 -0.0 -1.0 -0.5438178102725875
150.0 -0.0 -0.0 -1.0 -0.6657586798441884
160.0 -0.0 -0.0 -1.0 -0.6618963903581944
170.0 -0.0 -0.0 -1.0 0.9670318277850962
180.0 -0.0 -0.0 -1.0 -0.6307949134165285
190.0 -0.0 -0.0 -1.0 0.21480920395367328
200.0 -0.0 -0.0 -1.0 1.9379114203017096
210.0 -0.0 -0.0 -1.0 1.2364121130032515
220.0 -0.0 -0.0 -1.0 3.0593545663347403
230.0 -0.0 -0.0 -1.0 1.629309046421137
240.0 -0.0 -0.0 -1.0 -0.3599667383089688
250.0 -0.0 -0.0 -1.0 -1.8962573049421154
260.0 -0.0 -0.0 -1.0 2.4451856992545675
270.0 -0.0 -0.0 -1.0 1.4832269060617995
280.0 -0.0 -0.0 -1.0 3.105977530838397
290.0 -0.0 -0.0 -1.0 -0.07871862233769264
300.0 -0.0 -0.0 -1.0 -0.1896679418580588
310.0 -0.0 -0.0 -1.0 2.29732468709114
320.0 -0.0 -0.0 -1.0 0.385163970434899
330.0 -0.0 -0.0 -1.0 -0.037029440400469286
340.0 -0.0 -0.0 -1.0 -2.9624348898386037
350.0 -0.0 -0.0 -1.0 2.4439486269720456
360.0 -0.0 -0.0 -1.0 -2.3939188160781155
370.0 -0.0 -0.0 -1.0 0.11328074029707379
380.0 -0.0 -0.0 -1.0 -3.0205854939572085
390.0 -0.0 -0.0 -1.0 -0.4229277954445802
400.0 -0.0 -0.0 -1.0 -0.9056713588213126
410.0 -0.0 -0.0 -1.0 -3.1072010162800625
420.0 -0.0 -0.0 -1.0 0.1048290012325944
430.0 -0.0 -0.0 -1.0 2.666137967462583
440.0 -0.0 -0.0 -1.0 -0.5317583095765059
450.0 -0.0 -0.0 -1.0 1.3008782321551662
460.0 -0.0 -0.0 -1.0 -2.219002134986052
470.0 -0.0 -0.0 -1.0 2.6981708477771447
480.0 -0.0 -0.0 -1.0 0.9623087032755019
490.0 -0.0 -0.0 -1.0 -2.82982261420676
500.0 -0.0 -0.0 -1.0 3.138436035637139
510.0 -0.0 -0.0 -1.0 1.2155581357245475
520.0 -0.0 -0.0 -1.0 0.28710664834638416
530.0 -0.0 -0.0 -1.0 -1.7194627727882987
540.0 -0.0 -0.0 -1.0 1.015760154492019
550.0 -0.0 -0.0 -1.0 -1.9574254848848378
560.0 -0.0 -0.0 -1.0 1.4974301509172379
570.0 -0.0 -0.0 -1.0 -0.5793154138871207
580.0 -0.0 -0.0 -1.0 -0.1429771357830824
590.0 -0.0 -0.0 -1.0 -0.8094988836655398
600.0 -0.0 -0.0 -1.0 -0.9609731904349444
610.0 -0.0 -0.0 -1.0 1.7081295952322098
620.0 -0.0 -0.0 -1.0 0.5475951760367924
630.0 -0.0 -0.0 -1.0 -2.578706655277845
640.0 -0.0 -0.0 -1.0 -2.3756348390430846
650.0 -0.0 -0.0 -1.0 2.5741314684523156
660.0 -0.0 -0.0 -1.0 -0.685358099027622
670.0 -0.0 -0.0 -1.0 -0.8894040285400789
680.0 -0.0 -0.0 -1.0 2.868342752377165
690.0 -0.0 -0.0 -1.0 1.7327147782316739
700.0 -0.0 -0.0 -1.0 2.331553443482124
710.0 -0.0 -0.0 -1.0 -0.4748697641457962
720.0 -0.0 -0.0 -1.0 2.750326513914433
730.0 -0.0 -0.0 -1.0 -2.20149251011675
740.0 -0.0 -0.0 -1.0 2.747629090912192
750.0 -0.0 -0.0 -1.0 1.0555579667692034
760.0 -0.0 -0.0 -1.0 0.54566231165892
770.0 -0.0 -0.0 -1.0 0.19993281271973617
780.0 -0.0 -0.0 -1.0 0.4964600773937293
790.0 -0.0 -0.0 -1.0 1.5801976897388108
800.0 -0.0 -0.0 -1.0 -2.544588458077699
810.0 -0.0 -0.0 -1.0 -0.6850050967041648
820.0 -0.0 -0.0 -1.0 -1.1587394299251181
830.0 -0.0 -0.0 -1.0 -2.577774858243587
840.0 -0.0 -0.0 -1.0 1.400441385771617
850.0 -0.0 -0.0 -1.0 -2.854213005786791
860.0 -0.0 -0.0 -1.0 3.009078063773696
870.0 -0.0 -0.0 -1.0 0.48455315128412074
880.0 -0.0 -0.0 -1.0 -0.1405477023561157
890.0 -0.0 -0.0 -1.0 2.733278841369886
900.0 -0.0 -0.0 -1.0 2.974451247943293
910.0 -0.0 -0.0 -1.0 -2.6528732243660866
920.0 -0.0 -0.0 -1.0 -0.1229904919597693
930.0 -0.0 -0.0 -1.0 2.1522848219574806
940.0 -0.0 -0.0 -1.0 1.785268515680159
950.0 -0.0 -0.0 -1.0 -1.0213248425821113
960.0 -0.0 -0.0 -1.0 1.2341376710576577
970.0 -0.0 -0.0 -1.0 2.0244803699682197
980.0 -0.0 -0.0 -1.0 2.6358646499487492
990.0 -0.0 -0.0 -1.0 -2.955668417927717
1000.0 -0.0 -0.0 -1.0 -2.888910446325962
1010.0 -0.0 -0.0 -1.0 -2.2111026828693703
1020.0 -0.0 -0.0 -1.0 0.7400023250537897
1030.0 -0.0 -0.0 -1.0 2.848393311240082
1040.0 -0.0 -0.0 -1.0 -0.7067440331207244
1050.0 -0.0 -0.0 -1.0 -1.0684511069490992
1060.0 -0.0 -0.0 -1.0 -1.5503650495194627
1070.0 -0.0 -0.0 -1.0 1.8205108702750312
1080.0 -0.0 -0.0 -1.0 -2.846073993437009
1090.0 -0.0 -0.0 -1.0 1.8207593629083578
