100
100.0 -0.0 -0.0 -1.0 -1.2559844952968504
110.0 -0.0 -0.0 -1.0 -3.013582575742225
120.0 -0.0 -0.0 -1.0 -2.058118503909021
130.0 -0.0 -0.0 -1.0 -1.4650002593109386
140.0 -0.0 -0.0 -1.0 -0.9795055841675753
150.0 -0.0 -0.0 -1.0 -1.1489916992156386
160.0 -0.0 -0.0 -1.0 0.4008704894932213
170.0 -0.0 -0.0 -1.0 -0.6086196048148016
180.0 -0.0 -0.0 -1.0 -0.6021539974017049
190.0 -0.0 -0.0 -1.0 -0.5142111863054467
200.0 -0.0 -0.0 -1.0 1.97742032956066
210.0 -0.0 -0.0 -1.0 -1.8219313517253686
220.0 -0.0 -0.0 -1.0 -2.543263815851749
230.0 -0.0 -0.0 -1.0 0.499109691440274
240.0 -0.0 -0.0 -1.0 2.8247344572436246
250.0 -0.0 -0.0 -1.0 0.8968160880850791
260.0 -0.0 -0.0 -1.0 1.5106346009904823
270.0 -0.0 -0.0 -1.0 2.6419124741129574
280.0 -0.0 -0.0 -1.0 2.737447211942662
290.0 -0.0 -0.0 -1.0 2.8826964368247143
300.0 -0.0 -0.0 -1.0 1.2896115083935418
310.0 -0.0 -0.0 -1.0 2.7819432526609185
320.0 -0.0 -0.0 -1.0 -1.318970170604464
330.0 -0.0 -0.0 -1.0 -0.6672632876561683
340.0 -0.0 -0.0 -1.0 2.473141493714551
350.0 -0.0 -0.0 -1.0 1.6929459767275254
360.0 -0.0 -0.0 -1.0 -2.656814683262037
370.0 -0.0 -0.0 -1.0 2.205915927133614
380.0 -0.0 -0.0 -1.0 0.8634590522241615
390.0 -0.0 -0.0 -1.0 1.9335608298486509
400.0 -0.0 -0.0 -1.0 2.407816974615303
410.0 -0.0 -0.0 -1.0 2.8183638649983727
420.0 -0.0 -0.0 -1.0 -1.123768922446524
430.0 -0.0 -0.0 -1.0 -1.93998152178919
440.0 -0.0 -0.0 -1.0 -0.13863229482639938
450.0 -0.0 -0.0 -1.0 0.08951223075689325
460.0 -0.0 -0.0 -1.0 -1.0663355892857704
470.0 -0.0 -0.0 -1.0 1.5209024283973454
480.0 -0.0 -0.0 -1.0 -2.4190468055659604
490.0 -0.0 -0.0 -1.0 0.364367032404898
500.0 -0.0 -0.0 -1.0 -2.7180988599194356
510.0 -0.0 -0.0 -1.0 2.182281506468379
520.0 -0.0 -0.0 -1.0 2.7051143064455743
530.0 -0.0 -0.0 -1.0 1.506407499156977
540.0 -0.0 -0.0 -1.0 -0.014982448390629916
550.0 -0.0 -0.0 -1.0 -1.9426727408388935
560.0 -0.0 -0.0 -1.0 0.16440506757081935
570.0 -0.0 -0.0 -1.0 1.5731231203884777
580.0 -0.0 -0.0 -1.0 -2.6427087693118754
590.0 -0.0 -0.0 -1.0 -0.177609884405618
600.0 -0.0 -0.0 -1.0 0.5063741327536976
610.0 -0.0 -0.0 -1.0 -0.9902494326827472
620.0 -0.0 -0.0 -1.0 -1.637422140052257
630.0 -0.0 -0.0 -1.0 0.7849369511544269
640.0 -0.0 -0.0 -1.0 3.0335727985580556
650.0 -0.0 -0.0 -1.0 1.171342519993773
660.0 -0.0 -0.0 -1.0 2.583047645564016
670.0 -0.0 -0.0 -1.0 2.058730210266726
680.0 -0.0 -0.0 -1.0 -1.0313846183526805
690.0 -0.0 -0.0 -1.0 -1.766499648656689
700.0 -0.0 -0.0 -1.0 0.16219131152127061
710.0 -0.0 -0.0 -1.0 -1.4651535296752076
720.0 -0.0 -0.0 -1.0 0.5210770754846369
730.0 -0.0 -0.0 -1.0 -0.759021502809814
740.0 -0.0 -0.0 -1.0 -1.943950330858455
750.0 -0.0 -0.0 -1.0 -2.5988051324906785
760.0 -0.0 -0.0 -1.0 -2.9559790142732036
770.0 -0.0 -0.0 -1.0 2.0656695078770566
780.0 -0.0 -0.0 -1.0 2.275267823459532
790.0 -0.0 -0.0 -1.0 -1.8624118051756575
800.0 -0.0 -0.0 -1.0 1.9128995253653736
810.0 -0.0 -0.0 -1.0 -0.5921126489389953
820.0 -0.0 -0.0 -1.0 -1.3670376310222963
830.0 -0.0 -0.0 -1.0 -0.5130905537971511
840.0 -0.0 -0.0 -1.0 -1.3877488840872596
850.0 -0.0 -0.0 -1.0 1.0473626073002813
860.0 -0.0 -0.0 -1.0 -2.887278935238488
870.0 -0.0 -0.0 -1.0 1.998524865812606
880.0 -0.0 -0.0 -1.0 0.9204957676608999
890.0 -0.0 -0.0 -1.0 -1.4252212761050949
900.0 -0.0 -0.0 -1.0 -2.6166114439610393
910.0 -0.0 -0.0 -1.0 -1.6173098551860907
920.0 -0.0 -0.0 -1.0 -2.0779276797102675
930.0 -0.0 -0.0 -1.0 2.9715814973663255
940.0 -0.0 -0.0 -1.0 2.9639525483719664
950.0 -0.0 -0.0 -1.0 2.218490995463286
960.0 -0.0 -0.0 -1.0 1.049363804018908
970.0 -0.0 -0.0 -1.0 -1.748734393194007
980.0 -0.0 -0.0 -1.0 2.1926518387601743
990.0 -0.0 -0.0 -1.0 2.28540841974871
1000.0 -0.0 -0.0 -1.0 3.1024057102556215
1010.0 -0.0 -0.0 -1.0 1.3900214934792718
1020.0 -0.0 -0.0 -1.0 0.36170707759588455
1030.0 -0.0 -0.0 -1.0 1.2090382330635063
1040.0 -0.0 -0.0 -1.0 1.9301669129688928
1050.0 -0.0 -0.0 -1.0 -1.5500077192782875
1060.0 -0.0 -0.0 -1.0 -0.6866631730465569
1070.0 -0.0 -0.0 -1.0 2.857662345791924
1080.0 -0.0 -0.0 -1.0 2.476716835516824
1090.0 -0.0 -0.0 -1.0 -0.8027645216329895
