100
100.0 -0.0 -0.0 -1.0 -2.103349489304315
110.0 -0.0 -0.0 -1.0 -1.8411454670216894
120.0 -0.0 -0.0 -1.0 -3.0334908814151897
130.0 -0.0 -0.0 -1.0 -2.6729721372961737
140.0 -0.0 -0.0 -1.0 -1.3409385426363114
150.0 -0.0 -0.0 -1.0 -1.2978016776021448
160.0 -0.0 -0.0 -1.0 0.841203794053119
170.0 -0.0 -0.0 -1.0 -1.5926783736928718
180.0 -0.0 -0.0 -1.0 -1.8096435782998617
190.0 -0.0 -0.0 -1.0 1.0812649513227826
200.0 -0.0 -0.0 -1.0 0.05543929710598258
210.0 -0.0 -0.0 -1.0 -1.3547743104078274
220.0 -0.0 -0.0 -1.0 -0.6564589634746332
230.0 -0.0 -0.0 -1.0 1.019511441645387
240.0 -0.0 -0.0 -1.0 1.6722702845606303
250.0 -0.0 -0.0 -1.0 1.0719565687258614
260.0 -0.0 -0.0 -1.0 -0.6144995714223932
270.0 -0.0 -0.0 -1.0 1.5580041553390087
280.0 -0.0 -0.0 -1.0 2.2049858632600166
290.0 -0.0 -0.0 -1.0 1.9911317081834716
300.0 -0.0 -0.0 -1.0 -0.3861592588232745
310.0 -0.0 -0.0 -1.0 2.306729133275628
320.0 -0.0 -0.0 -1.0 -1.273590126545601
330.0 -0.0 -0.0 -1.0 2.1570250216176956
340.0 -0.0 -0.0 -1.0 -2.2900954689315673
350.0 -0.0 -0.0 -1.0 2.8946250360076378
360.0 -0.0 -0.0 -1.0 -0.3132832757338107
370.0 -0.0 -0.0 -1.0 -0.7212645662147757
380.0 -0.0 -0.0 -1.0 -2.130577931485904
390.0 -0.0 -0.0 -1.0 0.8345395939648532
400.0 -0.0 -0.0 -1.0 -0.23091855262440525
410.0 -0.0 -0.0 -1.0 -2.6971401695437853
420.0 -0.0 -0.0 -1.0 2.110090559217899
430.0 -0.0 -0.0 -1.0 1.1522855160588306
440.0 -0.0 -0.0 -1.0 -0.902767491149311
450.0 -0.0 -0.0 -1.0 1.4193433845218197
460.0 -0.0 -0.0 -1.0 1.5580359197652205
470.0 -0.0 -0.0 -1.0 1.1065374525811236
480.0 -0.0 -0.0 -1.0 2.859249145762498
490.0 -0.0 -0.0 -1.0 -2.859672518844982
500.0 -0.0 -0.0 -1.0 1.8862745096750055
510.0 -0.0 -0.0 -1.0 2.073926743118347
520.0 -0.0 -0.0 -1.0 0.9387309019870299
530.0 -0.0 -0.0 -1.0 -0.367760389538004
540.0 -0.0 -0.0 -1.0 -0.9640716994797021
550.0 -0.0 -0.0 -1.0 -1.1816302537780068
560.0 -0.0 -0.0 -1.0 2.7703800331506496
570.0 -0.0 -0.0 -1.0 -0.7536297631908873
580.0 -0.0 -0.0 -1.0 2.2319720461839587
590.0 -0.0 -0.0 -1.0 -1.2522506704280711
600.0 -0.0 -0.0 -1.0 2.6412677354589564
610.0 -0.0 -0.0 -1.0 2.3575604805619306
620.0 -0.0 -0.0 -1.0 1.8536220808088621
630.0 -0.0 -0.0 -1.0 0.9921078878193962
640.0 -0.0 -0.0 -1.0 2.6856640964733782
650.0 -0.0 -0.0 -1.0 0.9109546437265713
660.0 -0.0 -0.0 -1.0 1.0393074050515911
670.0 -0.0 -0.0 -1.0 1.598840437278872
680.0 -0.0 -0.0 -1.0 -0.4544214396851862
690.0 -0.0 -0.0 -1.0 -0.10405260259738443
700.0 -0.0 -0.0 -1.0 1.0832539452797996
710.0 -0.0 -0.0 -1.0 2.8787724524703315
720.0 -0.0 -0.0 -1.0 0.6927271163353865
730.0 -0.0 -0.0 -1.0 2.6840523221798476
740.0 -0.0 -0.0 -1.0 1.8073291990396914
750.0 -0.0 -0.0 -1.0 0.23028591278104749
760.0 -0.0 -0.0 -1.0 -3.095547933372189
770.0 -0.0 -0.0 -1.0 -1.7629989986961754
780.0 -0.0 -0.0 -1.0 -1.3685354136255672
790.0 -0.0 -0.0 -1.0 2.098467270253758
800.0 -0.0 -0.0 -1.0 0.4066440646021308
810.0 -0.0 -0.0 -1.0 1.4729470882199887
820.0 -0.0 -0.0 -1.0 -1.3925396973148951
830.0 -0.0 -0.0 -1.0 -1.8024516362619352
840.0 -0.0 -0.0 -1.0 0.5158051227323929
850.0 -0.0 -0.0 -1.0 -1.0851361434314164
860.0 -0.0 -0.0 -1.0 2.7852567873247414
870.0 -0.0 -0.0 -1.0 -1.7057891814848427
880.0 -0.0 -0.0 -1.0 -2.0839722157172935
890.0 -0.0 -0.0 -1.0 -3.1200562729491783
900.0 -0.0 -0.0 -1.0 -1.5501457902662963
910.0 -0.0 -0.0 -1.0 -1.217679459380706
920.0 -0.0 -0.0 -1.0 -0.32883897786853655
930.0 -0.0 -0.0 -1.0 1.7596983712866956
940.0 -0.0 -0.0 -1.0 2.9451081564447357
950.0 -0.0 -0.0 -1.0 -1.3163609752794385
960.0 -0.0 -0.0 -1.0 -1.4670677422173208
970.0 -0.0 -0.0 -1.0 1.3571540563249074
980.0 -0.0 -0.0 -1.0 -1.5659474808310374
990.0 -0.0 -0.0 -1.0 0.3049714184333196
1000.0 -0.0 -0.0 -1.0 0.012932227154842992
1010.0 -0.0 -0.0 -1.0 -2.6607401903775267
1020.0 -0.0 -0.0 -1.0 -1.286982342629749
1030.0 -0.0 -0.0 -1.0 -0.12719397140756591
1040.0 -0.0 -0.0 -1.0 -1.8129081532296218
1050.0 -0.0 -0.0 -1.0 2.2972380870210634
1060.0 -0.0 -0.0 -1.0 0.510384093596394
1070.0 -0.0 -0.0 -1.0 1.1721777709172194
1080.0 -0.0 -0.0 -1.0 -3.0424537676068506
1090.0 -0.0 -0.0 -1.0 -2.1762836876078464
