512
0.0 -0.0 -0.0 -1.0 0.0
1.0019569471624266 -0.0 -0.0 -1.0 0.13274019108015095
2.003913894324853 -0.0 -0.0 -1.0 0.4765643990688199
3.0058708414872797 -0.0 -0.0 -1.0 0.7008965964680954
4.007827788649706 -0.0 -0.0 -1.0 1.5350214346876068
5.009784735812133 -0.0 -0.0 -1.0 1.5040851909332154
6.011741682974559 -0.0 -0.0 -1.0 -0.7848508499056027
7.013698630136986 -0.0 -0.0 -1.0 1.0407168262726856
8.015655577299412 -0.0 -0.0 -1.0 1.008070698774245
9.017612524461839 -0.0 -0.0 -1.0 -1.322324770935017
10.019569471624266 -0.0 -0.0 -1.0 -0.5587330050048528
11.021526418786692 -0.0 -0.0 -1.0 0.1294439893257404
12.023483365949119 -0.0 -0.0 -1.0 0.6920807901997624
13.025440313111545 -0.0 -0.0 -1.0 1.4799927810115612
14.027397260273972 -0.0 -0.0 -1.0 2.281277786130657
15.029354207436398 -0.0 -0.0 -1.0 -3.0151819158164828
16.031311154598825 -0.0 -0.0 -1.0 -0.9858133077672029
17.03326810176125 -0.0 -0.0 -1.0 0.05414049339045161
18.035225048923678 -0.0 -0.0 -1.0 1.486324501447385
19.037181996086105 -0.0 -0.0 -1.0 1.8489403540642873
20.03913894324853 -0.0 -0.0 -1.0 -1.2175172829898424
21.041095890410958 -0.0 -0.0 -1.0 1.0228844431576716
22.043052837573384 -0.0 -0.0 -1.0 -0.6556429535529884
23.04500978473581 -0.0 -0.0 -1.0 1.8415247080754875
24.046966731898237 -0.0 -0.0 -1.0 -1.9749011403145766
25.048923679060664 -0.0 -0.0 -1.0 -1.240107166250518
26.05088062622309 -0.0 -0.0 -1.0 0.7150121326445579
27.052837573385517 -0.0 -0.0 -1.0 -0.5007520733918809
28.054794520547944 -0.0 -0.0 -1.0 0.4543687753819612
29.05675146771037 -0.0 -0.0 -1.0 1.0030878513614514
30.058708414872797 -0.0 -0.0 -1.0 1.6810403582993056
31.060665362035223 -0.0 -0.0 -1.0 -2.121412226764459
32.06262230919765 -0.0 -0.0 -1.0 0.2831256725738146
33.064579256360076 -0.0 -0.0 -1.0 -0.06307760410116692
34.0665362035225 -0.0 -0.0 -1.0 1.929525461773073
35.06849315068493 -0.0 -0.0 -1.0 0.02024630901135021
36.070450097847356 -0.0 -0.0 -1.0 -0.844211815649624
37.07240704500978 -0.0 -0.0 -1.0 1.094467337486445
38.07436399217221 -0.0 -0.0 -1.0 -0.30724142621776157
39.076320939334636 -0.0 -0.0 -1.0 2.025386446017681
40.07827788649706 -0.0 -0.0 -1.0 -1.8923711385362927
41.08023483365949 -0.0 -0.0 -1.0 -0.9016154049609748
42.082191780821915 -0.0 -0.0 -1.0 1.035915027707804
43.08414872798434 -0.0 -0.0 -1.0 -0.3667710761776873
44.08610567514677 -0.0 -0.0 -1.0 -0.04490640173239287
45.088062622309195 -0.0 -0.0 -1.0 1.207336805914146
46.09001956947162 -0.0 -0.0 -1.0 2.2686285327996014
47.09197651663405 -0.0 -0.0 -1.0 -1.6019823580491954
48.093933463796475 -0.0 -0.0 -1.0 0.5534545513514905
49.0958904109589 -0.0 -0.0 -1.0 0.4749756302097061
50.09784735812133 -0.0 -0.0 -1.0 2.794153331505991
51.099804305283755 -0.0 -0.0 -1.0 -0.752702666998775
52.10176125244618 -0.0 -0.0 -1.0 -0.3782702225498256
53.10371819960861 -0.0 -0.0 -1.0 1.3605538981071088
54.105675146771034 -0.0 -0.0 -1.0 -1.4520959177930213
55.10763209393346 -0.0 -0.0 -1.0 1.727498991151047
56.10958904109589 -0.0 -0.0 -1.0 -2.709802301691981
57.111545988258314 -0.0 -0.0 -1.0 -2.2183542618575607
58.11350293542074 -0.0 -0.0 -1.0 0.2356865050390353
59.11545988258317 -0.0 -0.0 -1.0 2.7159984930788803
60.11741682974559 -0.0 -0.0 -1.0 2.5655356593149916
61.11937377690802 -0.0 -0.0 -1.0 -0.699212441713032
62.12133072407045 -0.0 -0.0 -1.0 0.6817247521437629
63.12328767123287 -0.0 -0.0 -1.0 1.1827745928956597
64.1252446183953 -0.0 -0.0 -1.0 1.7917035273072197
65.12720156555773 -0.0 -0.0 -1.0 -2.242275388006151
66.12915851272015 -0.0 -0.0 -1.0 -3.0645117228940046
67.13111545988258 -0.0 -0.0 -1.0 2.761627912210532
68.133072407045 -0.0 -0.0 -1.0 2.8121235390135126
69.13502935420743 -0.0 -0.0 -1.0 -0.9600407870960673
70.13698630136986 -0.0 -0.0 -1.0 1.4455270010618337
71.13894324853229 -0.0 -0.0 -1.0 -2.3180716715605976
72.14090019569471 -0.0 -0.0 -1.0 -2.158798930342464
73.14285714285714 -0.0 -0.0 -1.0 2.367014343688072
74.14481409001957 -0.0 -0.0 -1.0 1.1471396737341382
75.14677103718199 -0.0 -0.0 -1.0 -0.9681777140722162
76.14872798434442 -0.0 -0.0 -1.0 -1.370151603024236
77.15068493150685 -0.0 -0.0 -1.0 -2.7088958087537454
78.15264187866927 -0.0 -0.0 -1.0 2.6873807789125648
79.1545988258317 -0.0 -0.0 -1.0 2.4396918628512267
80.15655577299412 -0.0 -0.0 -1.0 -1.4497540071777029
81.15851272015655 -0.0 -0.0 -1.0 0.7599688973539382
82.16046966731898 -0.0 -0.0 -1.0 0.4529103100299914
83.1624266144814 -0.0 -0.0 -1.0 -1.44917730353355
84.16438356164383 -0.0 -0.0 -1.0 -1.8013027424247448
85.16634050880626 -0.0 -0.0 -1.0 -0.7516087749648845
86.16829745596868 -0.0 -0.0 -1.0 2.1533873042603053
87.17025440313111 -0.0 -0.0 -1.0 -2.7838947755812344
88.17221135029354 -0.0 -0.0 -1.0 -0.3752077051547561
89.17416829745596 -0.0 -0.0 -1.0 -0.18344294593758453
90.17612524461839 -0.0 -0.0 -1.0 0.48575965655259973
91.17808219178082 -0.0 -0.0 -1.0 -0.7393125187721225
92.18003913894324 -0.0 -0.0 -1.0 0.22531253776179333
93.18199608610567 -0.0 -0.0 -1.0 1.944283579919807
94.1839530332681 -0.0 -0.0 -1.0 3.0802759252255005
95.18590998043052 -0.0 -0.0 -1.0 -2.767496450121812
96.18786692759295 -0.0 -0.0 -1.0 -1.2006936528824936
97.18982387475538 -0.0 -0.0 -1.0 1.4848742848062457
98.1917808219178 -0.0 -0.0 -1.0 -1.2549193141884565
99.19373776908023 -0.0 -0.0 -1.0 -0.6696387112727147
100.19569471624266 -0.0 -0.0 -1.0 -0.8440693407379787
101.19765166340508 -0.0 -0.0 -1.0 0.6683934182383101
102.19960861056751 -0.0 -0.0 -1.0 3.013684508442672
103.20156555772994 -0.0 -0.0 -1.0 -1.720579424639424
104.20352250489236 -0.0 -0.0 -1.0 -0.14930616170625016
105.20547945205479 -0.0 -0.0 -1.0 -1.4318379570321533
106.20743639921722 -0.0 -0.0 -1.0 -0.9320326617013563
107.20939334637964 -0.0 -0.0 -1.0 -0.47714118900633506
108.21135029354207 -0.0 -0.0 -1.0 0.6745712130018626
109.2133072407045 -0.0 -0.0 -1.0 2.1230235530917283
110.21526418786692 -0.0 -0.0 -1.0 -1.9079114084851507
111.21722113502935 -0.0 -0.0 -1.0 -0.27871144880514065
112.21917808219177 -0.0 -0.0 -1.0 -0.08410233319871069
113.2211350293542 -0.0 -0.0 -1.0 1.7120958810352236
114.22309197651663 -0.0 -0.0 -1.0 -1.248622591822851
115.22504892367905 -0.0 -0.0 -1.0 -0.3805250712396116
116.22700587084148 -0.0 -0.0 -1.0 0.47287546877055087
117.22896281800391 -0.0 -0.0 -1.0 1.4039071909825291
118.23091976516633 -0.0 -0.0 -1.0 -0.9304649897792817
119.23287671232876 -0.0 -0.0 -1.0 -0.0704707704651447
120.23483365949119 -0.0 -0.0 -1.0 0.7753632198533276
121.23679060665361 -0.0 -0.0 -1.0 1.5942289383060544
122.23874755381604 -0.0 -0.0 -1.0 2.357745770478322
123.24070450097847 -0.0 -0.0 -1.0 -2.991189692189076
124.2426614481409 -0.0 -0.0 -1.0 -2.458759108094354
125.24461839530332 -0.0 -0.0 -1.0 2.6638828473983267
126.24657534246575 -0.0 -0.0 -1.0 2.7370449964724
127.24853228962817 -0.0 -0.0 -1.0 -2.9471728077287067
128.2504892367906 -0.0 -0.0 -1.0 -2.0961008253287696
129.25244618395303 -0.0 -0.0 -1.0 2.6622446167035876
130.25440313111545 -0.0 -0.0 -1.0 -2.847519289243548
131.25636007827788 -0.0 -0.0 -1.0 -1.8680041021838019
132.2583170254403 -0.0 -0.0 -1.0 -1.0172889787839559
133.26027397260273 -0.0 -0.0 -1.0 0.11446457272822577
134.26223091976516 -0.0 -0.0 -1.0 1.467926390229133
135.26418786692759 -0.0 -0.0 -1.0 -2.986114198613497
136.26614481409 -0.0 -0.0 -1.0 0.08741785842931128
137.26810176125244 -0.0 -0.0 -1.0 1.162642041490515
138.27005870841487 -0.0 -0.0 -1.0 2.156209509933608
139.2720156555773 -0.0 -0.0 -1.0 -1.5322442439012365
140.27397260273972 -0.0 -0.0 -1.0 1.0731314754078933
141.27592954990214 -0.0 -0.0 -1.0 2.1764431815111043
142.27788649706457 -0.0 -0.0 -1.0 2.6143301926717974
143.279843444227 -0.0 -0.0 -1.0 -2.2342529088112455
144.28180039138942 -0.0 -0.0 -1.0 -1.1171375871627223
145.28375733855185 -0.0 -0.0 -1.0 0.4917740950813388
146.28571428571428 -0.0 -0.0 -1.0 1.0663832037115717
147.2876712328767 -0.0 -0.0 -1.0 1.5297217243656063
148.28962818003913 -0.0 -0.0 -1.0 2.6584235417959223
149.29158512720156 -0.0 -0.0 -1.0 2.6009034352210874
150.29354207436398 -0.0 -0.0 -1.0 -1.9347312918553816
151.2954990215264 -0.0 -0.0 -1.0 1.0490524266457082
152.29745596868884 -0.0 -0.0 -1.0 1.0389776900025223
153.29941291585126 -0.0 -0.0 -1.0 2.4671418140519696
154.3013698630137 -0.0 -0.0 -1.0 2.0105727238950877
155.30332681017612 -0.0 -0.0 -1.0 -1.1245335834727264
156.30528375733854 -0.0 -0.0 -1.0 1.7565882296453939
157.30724070450097 -0.0 -0.0 -1.0 3.0319020496198483
158.3091976516634 -0.0 -0.0 -1.0 2.287176552577771
159.31115459882582 -0.0 -0.0 -1.0 -1.9625488879525732
160.31311154598825 -0.0 -0.0 -1.0 -1.7631177219745908
161.31506849315068 -0.0 -0.0 -1.0 0.6973401390152515
162.3170254403131 -0.0 -0.0 -1.0 1.1426031288260614
163.31898238747553 -0.0 -0.0 -1.0 1.4053867949647874
164.32093933463796 -0.0 -0.0 -1.0 -2.1330432226469394
165.32289628180038 -0.0 -0.0 -1.0 2.5009562710872717
166.3248532289628 -0.0 -0.0 -1.0 -1.4892323871612851
167.32681017612524 -0.0 -0.0 -1.0 1.9463180996714518
168.32876712328766 -0.0 -0.0 -1.0 1.7062525584921266
169.3307240704501 -0.0 -0.0 -1.0 -1.6907540980698252
170.33268101761252 -0.0 -0.0 -1.0 1.8073827346960996
171.33463796477494 -0.0 -0.0 -1.0 -0.2843562225004443
172.33659491193737 -0.0 -0.0 -1.0 1.5668021077277217
173.3385518590998 -0.0 -0.0 -1.0 -3.122142774286628
174.34050880626222 -0.0 -0.0 -1.0 1.7856496413006138
175.34246575342465 -0.0 -0.0 -1.0 -1.6288899262429486
176.34442270058707 -0.0 -0.0 -1.0 -2.0777711158192638
177.3463796477495 -0.0 -0.0 -1.0 0.5153120453201071
178.34833659491193 -0.0 -0.0 -1.0 2.8456478849423883
179.35029354207435 -0.0 -0.0 -1.0 1.9163576531647268
180.35225048923678 -0.0 -0.0 -1.0 -0.6856939851141388
181.3542074363992 -0.0 -0.0 -1.0 2.7260586277180217
182.35616438356163 -0.0 -0.0 -1.0 2.5368240954514056
183.35812133072406 -0.0 -0.0 -1.0 2.8302645615272666
184.3600782778865 -0.0 -0.0 -1.0 2.79576159254809
185.3620352250489 -0.0 -0.0 -1.0 0.5858173543109528
186.36399217221134 -0.0 -0.0 -1.0 -1.8056885342458704
187.36594911937377 -0.0 -0.0 -1.0 3.0121439878099445
188.3679060665362 -0.0 -0.0 -1.0 -1.4766702834817407
189.36986301369862 -0.0 -0.0 -1.0 0.3490497807607251
190.37181996086105 -0.0 -0.0 -1.0 -1.5787472733086885
191.37377690802347 -0.0 -0.0 -1.0 -2.792941749593489
192.3757338551859 -0.0 -0.0 -1.0 -0.04834652406190421
193.37769080234833 -0.0 -0.0 -1.0 0.34998105280183633
194.37964774951075 -0.0 -0.0 -1.0 2.3814325261664973
195.38160469667318 -0.0 -0.0 -1.0 -0.6446981667282028
196.3835616438356 -0.0 -0.0 -1.0 -0.4734999578832458
197.38551859099803 -0.0 -0.0 -1.0 1.412921404859284
198.38747553816046 -0.0 -0.0 -1.0 -1.5045551223571678
199.38943248532289 -0.0 -0.0 -1.0 1.7461213325613565
200.3913894324853 -0.0 -0.0 -1.0 -2.8002571641149974
201.39334637964774 -0.0 -0.0 -1.0 -2.285317500953174
202.39530332681016 -0.0 -0.0 -1.0 0.08150633141597827
203.3972602739726 -0.0 -0.0 -1.0 2.788775519960845
204.39921722113502 -0.0 -0.0 -1.0 -2.8158851998671817
205.40117416829744 -0.0 -0.0 -1.0 -0.8121523503847833
206.40313111545987 -0.0 -0.0 -1.0 -2.9581052191803328
207.4050880626223 -0.0 -0.0 -1.0 2.596742746338712
208.40704500978472 -0.0 -0.0 -1.0 -2.3663010716612556
209.40900195694715 -0.0 -0.0 -1.0 -1.3018412407016915
210.41095890410958 -0.0 -0.0 -1.0 0.5420136576639843
211.412915851272 -0.0 -0.0 -1.0 2.8952447799331726
212.41487279843443 -0.0 -0.0 -1.0 3.1059036794637986
213.41682974559686 -0.0 -0.0 -1.0 -1.370380069686807
214.41878669275928 -0.0 -0.0 -1.0 1.7525147303748012
215.4207436399217 -0.0 -0.0 -1.0 -2.0346705057113135
216.42270058708414 -0.0 -0.0 -1.0 -0.4041002303048712
217.42465753424656 -0.0 -0.0 -1.0 -0.8977363238358144
218.426614481409 -0.0 -0.0 -1.0 2.3792928639647686
219.42857142857142 -0.0 -0.0 -1.0 -2.515905110787094
220.43052837573384 -0.0 -0.0 -1.0 -1.4143716093403884
221.43248532289627 -0.0 -0.0 -1.0 0.326815222300993
222.4344422700587 -0.0 -0.0 -1.0 -2.7941228685383646
223.43639921722112 -0.0 -0.0 -1.0 -2.6619828840623034
224.43835616438355 -0.0 -0.0 -1.0 -0.8898955000775427
225.44031311154598 -0.0 -0.0 -1.0 0.5411121795240872
226.4422700587084 -0.0 -0.0 -1.0 1.1180098320284304
227.44422700587083 -0.0 -0.0 -1.0 2.809587093612864
228.44618395303326 -0.0 -0.0 -1.0 -2.677393626165027
229.44814090019568 -0.0 -0.0 -1.0 -1.3255593030102906
230.4500978473581 -0.0 -0.0 -1.0 0.30589357168380876
231.45205479452054 -0.0 -0.0 -1.0 -1.760138638733611
232.45401174168296 -0.0 -0.0 -1.0 -0.008188274867627875
233.4559686888454 -0.0 -0.0 -1.0 1.1328381327240216
234.45792563600781 -0.0 -0.0 -1.0 -2.379742188665424
235.45988258317024 -0.0 -0.0 -1.0 -1.3444561694290018
236.46183953033267 -0.0 -0.0 -1.0 -0.09735054294086129
237.4637964774951 -0.0 -0.0 -1.0 1.9090239334363726
238.46575342465752 -0.0 -0.0 -1.0 -2.4478298309187303
239.46771037181995 -0.0 -0.0 -1.0 -1.5403004286315685
240.46966731898237 -0.0 -0.0 -1.0 -0.6482892345100877
241.4716242661448 -0.0 -0.0 -1.0 0.5830748639740811
242.47358121330723 -0.0 -0.0 -1.0 0.5019908210924837
243.47553816046965 -0.0 -0.0 -1.0 0.11649597882519849
244.47749510763208 -0.0 -0.0 -1.0 -1.00560128210227
245.4794520547945 -0.0 -0.0 -1.0 -0.19136322985792373
246.48140900195693 -0.0 -0.0 -1.0 1.026123430007138
247.48336594911936 -0.0 -0.0 -1.0 -1.418907036855546
248.4853228962818 -0.0 -0.0 -1.0 -0.018600812739133644
249.4872798434442 -0.0 -0.0 -1.0 -0.41476272561847555
250.48923679060664 -0.0 -0.0 -1.0 -0.8033213831958356
251.49119373776907 -0.0 -0.0 -1.0 -0.529006404705199
252.4931506849315 -0.0 -0.0 -1.0 0.03695370283540328
253.49510763209392 -0.0 -0.0 -1.0 0.3896775961353973
254.49706457925635 -0.0 -0.0 -1.0 0.21753649065088995
255.49902152641877 -0.0 -0.0 -1.0 0.7060072519494077
256.5009784735812 -0.0 -0.0 -1.0 1.1740665307499116
257.5029354207436 -0.0 -0.0 -1.0 2.2527600685573894
258.50489236790605 -0.0 -0.0 -1.0 -1.1810367336977579
259.5068493150685 -0.0 -0.0 -1.0 0.033494851948626
260.5088062622309 -0.0 -0.0 -1.0 0.9093112294445205
261.5107632093933 -0.0 -0.0 -1.0 -2.280579516344297
262.51272015655576 -0.0 -0.0 -1.0 -0.8066254841036664
263.5146771037182 -0.0 -0.0 -1.0 -0.03798451458281814
264.5166340508806 -0.0 -0.0 -1.0 0.7958619078020501
265.518590998043 -0.0 -0.0 -1.0 1.6188432300516415
266.52054794520546 -0.0 -0.0 -1.0 2.483665632646377
267.5225048923679 -0.0 -0.0 -1.0 -3.040939712675228
268.5244618395303 -0.0 -0.0 -1.0 -2.1957253188098296
269.5264187866927 -0.0 -0.0 -1.0 1.9368758964567272
270.52837573385517 -0.0 -0.0 -1.0 2.4330565783818145
271.5303326810176 -0.0 -0.0 -1.0 -3.0370624857612323
272.53228962818 -0.0 -0.0 -1.0 -2.242128377348459
273.5342465753424 -0.0 -0.0 -1.0 1.8570046386345709
274.5362035225049 -0.0 -0.0 -1.0 2.811173243018006
275.53816046966733 -0.0 -0.0 -1.0 2.9230423496529867
276.54011741682973 -0.0 -0.0 -1.0 -2.5765923776163104
277.5420743639921 -0.0 -0.0 -1.0 -2.661806252418814
278.5440313111546 -0.0 -0.0 -1.0 2.6705217034769086
279.54598825831704 -0.0 -0.0 -1.0 -2.160412151322581
280.54794520547944 -0.0 -0.0 -1.0 0.9847325924836836
281.54990215264183 -0.0 -0.0 -1.0 1.6811518894706845
282.5518590998043 -0.0 -0.0 -1.0 2.676938223123829
283.55381604696674 -0.0 -0.0 -1.0 -2.5603536501812005
284.55577299412914 -0.0 -0.0 -1.0 -1.9408604376771934
285.55772994129154 -0.0 -0.0 -1.0 2.1132181805947714
286.559686888454 -0.0 -0.0 -1.0 2.8496695377981953
287.56164383561645 -0.0 -0.0 -1.0 -2.496942280041003
288.56360078277885 -0.0 -0.0 -1.0 -1.535565105524093
289.56555772994125 -0.0 -0.0 -1.0 1.6477902570085317
290.5675146771037 -0.0 -0.0 -1.0 3.107363059570374
291.56947162426616 -0.0 -0.0 -1.0 2.245309166489276
292.57142857142856 -0.0 -0.0 -1.0 -2.6356908909370023
293.57338551859095 -0.0 -0.0 -1.0 -2.6980013255910937
294.5753424657534 -0.0 -0.0 -1.0 -2.4908772742217864
295.57729941291586 -0.0 -0.0 -1.0 -1.9112792169903134
296.57925636007826 -0.0 -0.0 -1.0 1.131958841273249
297.58121330724066 -0.0 -0.0 -1.0 1.8447097551325549
298.5831702544031 -0.0 -0.0 -1.0 2.64105310972672
299.58512720156557 -0.0 -0.0 -1.0 -1.845651446012024
300.58708414872797 -0.0 -0.0 -1.0 1.2673106291531555
301.58904109589037 -0.0 -0.0 -1.0 2.612741065932868
302.5909980430528 -0.0 -0.0 -1.0 2.6630852078208713
303.5929549902153 -0.0 -0.0 -1.0 -1.6178090108279044
304.5949119373777 -0.0 -0.0 -1.0 -0.8023988728903463
305.5968688845401 -0.0 -0.0 -1.0 1.546906679366288
306.5988258317025 -0.0 -0.0 -1.0 -2.046608940700522
307.600782778865 -0.0 -0.0 -1.0 1.7505434710273622
308.6027397260274 -0.0 -0.0 -1.0 -2.750269353992168
309.6046966731898 -0.0 -0.0 -1.0 -2.514341831359536
310.60665362035223 -0.0 -0.0 -1.0 -0.4521198724078879
311.6086105675147 -0.0 -0.0 -1.0 3.0575730412436655
312.6105675146771 -0.0 -0.0 -1.0 2.1746798727916934
313.6125244618395 -0.0 -0.0 -1.0 -2.073048636543347
314.61448140900194 -0.0 -0.0 -1.0 2.86883668155239
315.6164383561644 -0.0 -0.0 -1.0 0.4487650730513389
316.6183953033268 -0.0 -0.0 -1.0 2.4630690576871763
317.6203522504892 -0.0 -0.0 -1.0 -3.0697282630353415
318.62230919765165 -0.0 -0.0 -1.0 -1.1714262203588917
319.6242661448141 -0.0 -0.0 -1.0 2.174012057429972
320.6262230919765 -0.0 -0.0 -1.0 -2.567771770527161
321.6281800391389 -0.0 -0.0 -1.0 -1.3288285244860256
322.63013698630135 -0.0 -0.0 -1.0 2.4855508506753003
323.6320939334638 -0.0 -0.0 -1.0 -2.610929359565657
324.6340508806262 -0.0 -0.0 -1.0 -0.25640034860492156
325.6360078277886 -0.0 -0.0 -1.0 -2.062818021569408
326.63796477495106 -0.0 -0.0 -1.0 2.5845955312932225
327.6399217221135 -0.0 -0.0 -1.0 -1.748682504095321
328.6418786692759 -0.0 -0.0 -1.0 2.502983295368737
329.6438356164383 -0.0 -0.0 -1.0 0.9673219823013917
330.64579256360076 -0.0 -0.0 -1.0 -1.8398815267318482
331.6477495107632 -0.0 -0.0 -1.0 2.9881601900424646
332.6497064579256 -0.0 -0.0 -1.0 -1.6092475754534643
333.651663405088 -0.0 -0.0 -1.0 0.21019328523705083
334.65362035225047 -0.0 -0.0 -1.0 -1.5479650029346461
335.6555772994129 -0.0 -0.0 -1.0 2.4745185558922453
336.6575342465753 -0.0 -0.0 -1.0 0.5490684157445763
337.6594911937377 -0.0 -0.0 -1.0 -1.6988752264021247
338.6614481409002 -0.0 -0.0 -1.0 0.9510376378721453
339.66340508806263 -0.0 -0.0 -1.0 -1.2955581040718145
340.66536203522503 -0.0 -0.0 -1.0 -3.11415431480494
341.6673189823874 -0.0 -0.0 -1.0 -1.8138293755041257
342.6692759295499 -0.0 -0.0 -1.0 -0.9976505849588194
343.67123287671234 -0.0 -0.0 -1.0 -1.1459832435868054
344.67318982387474 -0.0 -0.0 -1.0 1.5886625653261144
345.67514677103713 -0.0 -0.0 -1.0 3.071082793034476
346.6771037181996 -0.0 -0.0 -1.0 -2.193562159011389
347.67906066536204 -0.0 -0.0 -1.0 -3.132842466784616
348.68101761252444 -0.0 -0.0 -1.0 -1.7553986846620748
349.68297455968684 -0.0 -0.0 -1.0 0.2950303521670043
350.6849315068493 -0.0 -0.0 -1.0 -1.7601846771468133
351.68688845401175 -0.0 -0.0 -1.0 3.0234690570960483
352.68884540117415 -0.0 -0.0 -1.0 3.0944985565762093
353.69080234833655 -0.0 -0.0 -1.0 -1.798885239367024
354.692759295499 -0.0 -0.0 -1.0 0.771726950666385
355.69471624266146 -0.0 -0.0 -1.0 -1.8069154432211152
356.69667318982385 -0.0 -0.0 -1.0 -2.896516990714045
357.69863013698625 -0.0 -0.0 -1.0 -1.8688892787649956
358.7005870841487 -0.0 -0.0 -1.0 -1.201225339766678
359.70254403131116 -0.0 -0.0 -1.0 -0.46521277024156305
360.70450097847356 -0.0 -0.0 -1.0 1.3922286966631827
361.70645792563596 -0.0 -0.0 -1.0 3.014909980993144
362.7084148727984 -0.0 -0.0 -1.0 -2.1737155381496103
363.71037181996087 -0.0 -0.0 -1.0 -2.837921543525436
364.71232876712327 -0.0 -0.0 -1.0 -1.6823245369865458
365.71428571428567 -0.0 -0.0 -1.0 0.45353868561985444
366.7162426614481 -0.0 -0.0 -1.0 -2.287360109362603
367.7181996086106 -0.0 -0.0 -1.0 -2.6977447320555874
368.720156555773 -0.0 -0.0 -1.0 -1.4272213905663749
369.7221135029354 -0.0 -0.0 -1.0 -1.2079971934084062
370.7240704500978 -0.0 -0.0 -1.0 2.4331165117970968
371.7260273972603 -0.0 -0.0 -1.0 -2.8365982661926985
372.7279843444227 -0.0 -0.0 -1.0 -2.057238840830964
373.7299412915851 -0.0 -0.0 -1.0 -1.275390677006213
374.73189823874753 -0.0 -0.0 -1.0 -0.3064801885217712
375.73385518591 -0.0 -0.0 -1.0 0.18041790426980528
376.7358121330724 -0.0 -0.0 -1.0 1.402186122541617
377.7377690802348 -0.0 -0.0 -1.0 -2.1782165008113386
378.73972602739724 -0.0 -0.0 -1.0 -1.4834946945629963
379.7416829745597 -0.0 -0.0 -1.0 0.4142003095712182
380.7436399217221 -0.0 -0.0 -1.0 -2.720327427372228
381.7455968688845 -0.0 -0.0 -1.0 -2.6271821353781974
382.74755381604695 -0.0 -0.0 -1.0 -1.5878275326948363
383.7495107632094 -0.0 -0.0 -1.0 -1.2423816558736571
384.7514677103718 -0.0 -0.0 -1.0 -0.627276063931587
385.7534246575342 -0.0 -0.0 -1.0 -0.6496151513866836
386.75538160469665 -0.0 -0.0 -1.0 -0.269023551992925
387.7573385518591 -0.0 -0.0 -1.0 0.053628543717125374
388.7592954990215 -0.0 -0.0 -1.0 0.483416607269758
389.7612524461839 -0.0 -0.0 -1.0 0.9431505600028831
390.76320939334636 -0.0 -0.0 -1.0 1.2426543057410444
391.7651663405088 -0.0 -0.0 -1.0 -2.5637361795396223
392.7671232876712 -0.0 -0.0 -1.0 1.4224155150098148
393.7690802348336 -0.0 -0.0 -1.0 -0.7031944585585005
394.77103718199606 -0.0 -0.0 -1.0 2.1379559057945983
395.7729941291585 -0.0 -0.0 -1.0 -2.6608092240543644
396.7749510763209 -0.0 -0.0 -1.0 -1.3569357910063764
397.7769080234833 -0.0 -0.0 -1.0 -0.12836061950066474
398.77886497064577 -0.0 -0.0 -1.0 0.49861074992048965
399.7808219178082 -0.0 -0.0 -1.0 1.67668869581017
400.7827788649706 -0.0 -0.0 -1.0 2.5653241567639347
401.784735812133 -0.0 -0.0 -1.0 -2.8254335867609517
402.7866927592955 -0.0 -0.0 -1.0 -1.2556591013491145
403.78864970645793 -0.0 -0.0 -1.0 -0.33272132046191666
404.79060665362033 -0.0 -0.0 -1.0 -2.9308706029264693
405.7925636007827 -0.0 -0.0 -1.0 -2.023924756401859
406.7945205479452 -0.0 -0.0 -1.0 -2.1238537872791974
407.79647749510764 -0.0 -0.0 -1.0 -2.172962663093696
408.79843444227004 -0.0 -0.0 -1.0 1.6529319077393283
409.80039138943243 -0.0 -0.0 -1.0 -1.6905196201017478
410.8023483365949 -0.0 -0.0 -1.0 -2.2422917859189395
411.80430528375734 -0.0 -0.0 -1.0 -2.3918114863438733
412.80626223091974 -0.0 -0.0 -1.0 -1.4458994201294513
413.80821917808214 -0.0 -0.0 -1.0 -0.27363235867962876
414.8101761252446 -0.0 -0.0 -1.0 -0.4471577277447324
415.81213307240705 -0.0 -0.0 -1.0 2.49321377169421
416.81409001956945 -0.0 -0.0 -1.0 -2.3944365381506816
417.81604696673185 -0.0 -0.0 -1.0 -2.494139792147069
418.8180039138943 -0.0 -0.0 -1.0 -1.1744589641295653
419.81996086105676 -0.0 -0.0 -1.0 -1.7023542645787653
420.82191780821915 -0.0 -0.0 -1.0 -1.6733936338983246
421.82387475538155 -0.0 -0.0 -1.0 -1.3405129527472108
422.825831702544 -0.0 -0.0 -1.0 -1.6379619929050546
423.82778864970646 -0.0 -0.0 -1.0 -1.6585308127973326
424.82974559686886 -0.0 -0.0 -1.0 1.4419786193910704
425.83170254403126 -0.0 -0.0 -1.0 -1.4360939508478523
426.8336594911937 -0.0 -0.0 -1.0 -2.1010420847437734
427.83561643835617 -0.0 -0.0 -1.0 -1.9818242352318904
428.83757338551857 -0.0 -0.0 -1.0 -1.4138692567038689
429.83953033268097 -0.0 -0.0 -1.0 -1.5707963267948526
430.8414872798434 -0.0 -0.0 -1.0 1.7811523059415235
431.8434442270059 -0.0 -0.0 -1.0 2.3638806193120363
432.8454011741683 -0.0 -0.0 -1.0 -2.3715165869264707
433.84735812133067 -0.0 -0.0 -1.0 2.16883026594788
434.8493150684931 -0.0 -0.0 -1.0 -1.5785598535700978
435.8512720156556 -0.0 -0.0 -1.0 -1.9380819525156727
436.853228962818 -0.0 -0.0 -1.0 -1.885840388373941
437.8551859099804 -0.0 -0.0 -1.0 -1.7759187293329823
438.85714285714283 -0.0 -0.0 -1.0 -1.730330517905438
439.8590998043053 -0.0 -0.0 -1.0 -1.6439538592862188
440.8610567514677 -0.0 -0.0 -1.0 -1.5707963267948657
441.8630136986301 -0.0 -0.0 -1.0 1.6228587426860923
442.86497064579254 -0.0 -0.0 -1.0 1.8056362124052565
443.866927592955 -0.0 -0.0 -1.0 1.9602049658445824
444.8688845401174 -0.0 -0.0 -1.0 1.1979668313258824
445.8708414872798 -0.0 -0.0 -1.0 1.2007890803915648
446.87279843444225 -0.0 -0.0 -1.0 1.9379681722468032
447.8747553816047 -0.0 -0.0 -1.0 1.2641877017447565
448.8767123287671 -0.0 -0.0 -1.0 0.09066528399111512
449.8786692759295 -0.0 -0.0 -1.0 1.6386818930049316
450.88062622309195 -0.0 -0.0 -1.0 -2.2670832863241364
451.8825831702544 -0.0 -0.0 -1.0 1.7208932762744396
452.8845401174168 -0.0 -0.0 -1.0 3.120394976239937
453.8864970645792 -0.0 -0.0 -1.0 3.059759065172921
454.88845401174166 -0.0 -0.0 -1.0 1.4985282685065482
455.8904109589041 -0.0 -0.0 -1.0 2.213903545437094
456.8923679060665 -0.0 -0.0 -1.0 -2.168508190048609
457.8943248532289 -0.0 -0.0 -1.0 2.4871255719697016
458.89628180039136 -0.0 -0.0 -1.0 2.9084969372684704
459.8982387475538 -0.0 -0.0 -1.0 1.7282915868431452
460.9001956947162 -0.0 -0.0 -1.0 -2.290638697841003
461.9021526418786 -0.0 -0.0 -1.0 2.2660021798124497
462.90410958904107 -0.0 -0.0 -1.0 -0.3999103016773392
463.9060665362035 -0.0 -0.0 -1.0 2.256050377439163
464.9080234833659 -0.0 -0.0 -1.0 2.7939711621803363
465.9099804305283 -0.0 -0.0 -1.0 -1.9697290547570494
466.9119373776908 -0.0 -0.0 -1.0 2.182098526308566
467.91389432485323 -0.0 -0.0 -1.0 -1.5430389539923866
468.91585127201563 -0.0 -0.0 -1.0 0.8777294214999523
469.917808219178 -0.0 -0.0 -1.0 2.329602501034045
470.9197651663405 -0.0 -0.0 -1.0 2.916785065265139
471.92172211350294 -0.0 -0.0 -1.0 -1.076106636968822
472.92367906066534 -0.0 -0.0 -1.0 -1.5415257568737983
473.92563600782773 -0.0 -0.0 -1.0 2.3400996072314344
474.9275929549902 -0.0 -0.0 -1.0 -2.7538713438752236
475.92954990215264 -0.0 -0.0 -1.0 -2.544030111331502
476.93150684931504 -0.0 -0.0 -1.0 -0.6942371931393696
477.93346379647744 -0.0 -0.0 -1.0 1.6012125342330026
478.9354207436399 -0.0 -0.0 -1.0 2.623099896864133
479.93737769080235 -0.0 -0.0 -1.0 2.803733746520711
480.93933463796475 -0.0 -0.0 -1.0 2.8421480810728705
481.94129158512715 -0.0 -0.0 -1.0 -2.503266160902395
482.9432485322896 -0.0 -0.0 -1.0 2.9768750145183933
483.94520547945206 -0.0 -0.0 -1.0 -2.4291442830317194
484.94716242661445 -0.0 -0.0 -1.0 -1.6025802315095754
485.94911937377685 -0.0 -0.0 -1.0 -0.8607181493232781
486.9510763209393 -0.0 -0.0 -1.0 -1.0161862198602218
487.95303326810176 -0.0 -0.0 -1.0 0.37039333948660347
488.95499021526416 -0.0 -0.0 -1.0 0.8318775706990519
489.95694716242656 -0.0 -0.0 -1.0 -3.091971312159476
490.958904109589 -0.0 -0.0 -1.0 -1.4002838852490609
491.96086105675147 -0.0 -0.0 -1.0 -0.8925316012424929
492.96281800391387 -0.0 -0.0 -1.0 -0.47098678173014075
493.96477495107627 -0.0 -0.0 -1.0 0.12584608071716255
494.9667318982387 -0.0 -0.0 -1.0 0.08243213222964976
495.9686888454012 -0.0 -0.0 -1.0 1.4939415102916582
496.9706457925636 -0.0 -0.0 -1.0 3.1243047056608684
497.97260273972597 -0.0 -0.0 -1.0 -1.4215384619596818
498.9745596868884 -0.0 -0.0 -1.0 0.6425352812971158
499.9765166340509 -0.0 -0.0 -1.0 -1.0033001046751229
500.9784735812133 -0.0 -0.0 -1.0 -0.6839485236702035
501.9804305283757 -0.0 -0.0 -1.0 -0.7094033367584486
502.98238747553813 -0.0 -0.0 -1.0 0.18962714207178302
503.9843444227006 -0.0 -0.0 -1.0 0.34271060793523855
504.986301369863 -0.0 -0.0 -1.0 -0.7024190785138709
505.9882583170254 -0.0 -0.0 -1.0 0.022792970938516087
506.99021526418784 -0.0 -0.0 -1.0 0.7592090655512329
507.9921722113503 -0.0 -0.0 -1.0 1.6141535380057492
508.9941291585127 -0.0 -0.0 -1.0 2.441985063930703
509.9960861056751 -0.0 -0.0 -1.0 3.023599128046147
510.99804305283755 -0.0 -0.0 -1.0 -2.4341120015530002
512.0 -0.0 -0.0 -1.0 2.343648711814861
